boxing(11), -31,6,-56,-33,10,-62,-37,19,-71,-39,27,-68,-37,37,-57,-22,39,-45,0,33,-32,20,28,-24,32,28,-24,37,32,-29,40,37,-31
boxing(15), 50,43,-21,84,17,-46,73,-22,-39,-16,9,46,-1,7,30,93,-59,-89,74,-71,-74,-28,-29,32,-38,-7,13,31,16,-50,58,50,-36,60,52,-15,52,45,-9,41,40,-11,40,38,-11
boxing(16), 51,40,-9,54,43,-29,64,6,-81,-16,42,-17,-97,75,94,-39,-47,10,-22,-62,-79,-80,45,-10,-90,57,24,-32,19,-34,25,26,-61,47,45,-32,51,50,-10,44,44,-12,42,40,-10,45,41,-5
boxing(20), 48,45,-2,57,44,-13,75,36,-41,73,19,-44,-22,70,8,-91,118,45,-43,86,27,25,61,-14,77,51,-59,82,24,-70,-11,56,-7,-85,108,53,-59,87,37,3,41,-10,53,15,-33,60,27,-21,54,41,-9,44,41,-7,41,42,-3,43,45,0
boxing(19), 50,42,0,62,43,-21,77,34,-49,54,22,-38,-12,49,23,-57,73,66,-33,53,35,14,34,-40,54,43,-97,67,45,-87,-28,76,21,-107,99,95,-75,55,44,-5,31,-24,45,42,-37,53,47,-17,50,42,-7,47,36,2,50,36,9
boxing(19), 52,41,3,53,41,-14,83,-6,-37,90,-44,-31,-18,-10,-38,-105,14,-48,-58,-48,-21,16,-128,4,10,-128,7,-60,-13,-10,-103,42,-13,-58,-31,-7,28,-74,-31,73,-28,-38,77,28,-16,62,34,-11,52,37,-7,51,40,-1,53,40,1
boxing(16), 50,40,-5,80,42,-1,118,25,-11,47,72,26,-56,109,71,11,34,-5,100,-42,-103,7,15,-24,-79,80,62,2,38,6,64,26,-36,59,42,-21,58,48,1,49,42,7,47,33,11,55,30,11
boxing(16), 59,40,-1,73,44,-23,96,-22,-56,12,3,19,-90,58,92,-38,-17,-11,26,-56,-116,-43,26,-29,-116,76,73,-66,14,14,6,25,-47,40,63,-33,47,53,-13,49,41,-9,53,37,0,55,38,4
boxing(19), 54,35,-2,61,33,-11,85,20,-37,80,6,-39,9,45,18,-40,75,49,5,48,4,79,30,-71,77,23,-101,-17,62,-21,-90,86,51,-38,58,21,33,28,-40,48,17,-43,47,36,-7,38,39,7,38,35,10,46,38,8,52,42,8
boxing(18), 46,42,-2,42,40,-14,39,39,-10,72,33,20,127,17,52,127,74,116,12,127,127,-95,127,79,-86,91,-9,-47,99,-42,-29,95,-46,-19,91,-30,2,82,4,32,54,25,49,23,23,58,23,19,63,32,18,57,34,16
boxing(18), 47,43,4,60,46,-26,75,28,-64,44,29,-6,-15,74,76,-20,57,41,27,7,-75,44,-3,-118,2,55,-4,-44,78,75,-23,22,9,37,70,-54,59,108,-47,54,68,-21,49,52,-1,49,48,7,50,45,6,50,43,6
boxing(21), 52,40,-1,57,37,-5,87,38,-40,91,15,-68,-16,31,23,-128,66,119,-107,46,57,-7,16,-80,17,9,-112,-7,71,-23,-24,90,34,-19,30,-11,11,44,-66,33,69,-48,47,50,-9,49,42,9,54,34,15,54,17,10,54,23,11,54,32,11,49,30,6
boxing(36), 41,43,15,27,38,17,10,34,23,1,34,38,2,39,57,31,60,91,61,86,127,20,98,127,-88,62,127,-128,6,127,-128,16,51,-101,50,13,-92,59,24,-61,73,61,-19,69,97,16,36,116,37,19,102,40,29,70,35,39,48,35,41,37,59,51,52,105,53,119,101,40,127,-16,44,127,-128,30,127,-128,34,29,-101,76,-20,-87,89,-9,-30,80,33,32,57,59,58,32,49,60,36,37,55,53,30,56,58,30,47,52,31,35,48,29
boxing(18), 36,50,13,33,54,6,41,63,0,68,63,5,93,51,19,99,55,28,81,56,21,16,28,9,-41,2,14,-47,-34,10,-69,-58,-13,-94,-38,-23,-69,1,-5,5,27,26,67,28,41,82,24,41,76,28,35,66,36,31
boxing(18), 51,45,7,62,44,-1,75,38,0,85,40,9,85,55,9,50,90,9,-19,99,4,-56,64,-14,-50,39,-36,-49,38,-52,-51,52,-50,-42,57,-26,-9,54,4,41,45,22,72,27,29,74,19,23,68,28,13,62,39,11
boxing(23), 48,38,15,46,39,9,41,22,-4,29,3,-1,42,41,61,37,76,127,-32,60,127,-94,46,122,-87,39,57,-34,39,33,13,51,31,31,56,25,17,50,27,0,53,42,6,70,63,35,76,70,64,57,63,65,48,55,48,56,36,41,54,17,40,52,15,35,54,18,30,58,18
boxing(18), 8,23,25,16,27,60,22,53,127,-41,80,127,-128,83,127,-128,72,93,-108,52,14,-23,34,9,13,31,18,11,45,22,17,55,52,34,58,93,48,61,84,47,52,49,44,46,33,40,48,27,31,51,24,27,54,23
boxing(16), 44,57,5,49,60,7,49,56,1,60,38,-58,-14,88,-12,-93,125,90,-83,100,1,-95,112,-101,-115,127,-11,-114,127,47,-62,38,-38,0,23,-52,21,57,-11,23,55,2,26,45,13,32,46,22
boxing(15), 45,42,21,53,43,19,86,45,10,125,30,-5,90,11,-6,42,37,43,-29,43,74,-84,23,36,-43,49,-5,14,76,-23,54,67,3,57,41,31,43,36,29,38,43,27,44,38,24
boxing(19), 45,42,22,39,45,17,33,50,13,31,54,10,29,62,7,34,101,-30,22,29,-52,-53,-119,-17,-97,-86,12,-106,-1,27,-118,15,19,-54,-51,-11,24,-71,-62,48,-5,-72,48,25,-12,49,41,15,49,37,10,43,37,6,40,41,0
boxing(16), 39,47,-9,41,47,-19,72,40,-54,77,25,-88,-1,31,-1,-108,45,84,-128,58,60,-63,54,11,27,94,-20,61,117,3,56,71,25,51,51,28,52,33,28,49,25,27,48,27,24,55,35,22
boxing(15), 49,40,8,52,48,-4,85,41,-40,97,-7,-64,-8,43,22,-120,127,90,-124,127,52,-55,40,-11,27,77,-46,57,114,-24,50,71,3,43,49,18,42,42,24,45,46,27,46,44,26
boxing(16), 48,37,15,88,42,0,127,-29,1,74,-10,81,-102,56,115,-48,74,-6,99,72,-101,31,84,-9,-103,89,33,-59,55,-17,40,81,14,57,70,35,39,63,26,26,64,21,30,55,23,37,47,28
boxing(14), 42,43,23,48,52,15,88,71,-35,79,87,-88,25,127,-5,-30,111,83,-43,32,45,-8,77,21,14,98,32,36,54,35,39,38,29,40,35,23,37,39,19,34,44,17
boxing(20), 40,35,19,43,42,22,49,46,22,49,37,16,83,39,5,127,-5,-13,72,15,33,-85,58,95,-43,68,5,71,60,-120,11,-6,-41,-128,-12,104,-121,6,73,-20,-7,-10,41,7,-6,47,38,24,33,36,31,28,39,27,31,43,28,34,47,28
boxing(15), 44,42,25,64,44,3,113,24,-21,96,35,-14,-21,119,-6,-128,127,-2,-128,89,1,-38,41,-14,36,53,-70,47,67,-68,41,50,-13,37,37,2,43,41,14,47,46,20,45,41,22
boxing(14), 48,42,18,67,54,-8,104,53,-43,50,41,-39,2,59,-24,-19,75,9,-32,48,0,19,5,-68,46,-11,-58,46,-3,-5,37,10,10,42,17,16,50,24,18,51,30,18
boxing(15), 51,34,20,69,37,7,127,14,-15,127,3,-17,16,83,36,-105,122,64,-128,83,17,-74,58,-27,22,58,-27,71,56,-17,58,46,-4,49,40,16,49,34,20,52,35,23,51,38,24
boxing(15), 45,41,21,51,38,17,62,39,12,85,41,16,126,33,23,70,58,13,23,105,8,4,72,4,-23,26,-22,17,42,-33,40,50,-17,47,42,4,47,33,12,48,37,11,53,40,14
boxing(15), 54,38,14,68,31,-2,112,9,-18,112,14,-6,34,79,39,-77,104,65,-123,72,31,-78,51,-21,-28,66,-42,9,83,-35,28,68,-9,36,47,15,40,38,18,46,35,20,52,34,20
boxing(15), 49,37,17,55,41,10,74,40,8,119,11,15,94,6,20,14,87,34,-58,103,39,-95,50,-4,-48,31,-58,4,60,-58,34,83,-17,43,52,6,41,44,13,49,44,21,51,40,22
boxing(14), 46,45,17,55,39,12,77,26,1,127,-1,-16,87,-24,-7,42,33,24,24,83,17,1,44,-24,43,21,-43,64,29,-12,60,30,15,46,29,18,45,35,23,52,36,27
boxing(13), 55,37,8,71,44,-5,122,1,21,127,-93,44,52,-33,59,-64,11,108,-107,-87,69,-49,-80,-7,13,0,-10,42,37,11,40,37,16,40,40,20,38,44,21
boxing(13), 43,39,19,60,53,0,98,35,-10,73,-26,20,21,28,98,-30,42,127,-18,-60,45,62,-4,-17,76,78,-9,60,64,3,50,55,7,46,54,8,45,53,10
boxing(13), 41,53,5,49,61,-27,47,34,-88,-39,18,-74,-76,81,-28,-46,76,-7,-27,25,-10,15,31,-34,40,43,-12,49,42,20,41,35,25,37,37,29,37,40,37
boxing(23), -17,35,64,-12,39,62,-2,39,61,13,53,69,25,78,63,28,65,41,27,35,25,26,35,13,36,62,1,58,88,-30,97,1,-46,72,-78,-9,14,21,39,-30,68,41,-44,21,-2,-2,22,-54,30,47,-77,50,63,-53,53,62,-25,47,49,-12,46,42,-1,47,46,7,44,50,10
boxing(14), 42,46,11,46,51,5,64,52,-7,80,30,-20,41,25,-7,-19,97,8,-80,127,7,-94,72,-1,-35,24,-22,20,22,-24,48,39,-12,49,49,-11,45,52,-1,40,48,10
boxing(17), 37,49,20,40,57,10,49,61,-7,72,46,-22,73,10,-26,-27,-39,-11,-128,21,19,-128,56,25,-32,-32,-7,37,-12,-29,53,53,-17,50,55,-10,44,52,-6,42,52,9,39,53,15,37,55,18,34,53,18
boxing(17), 36,54,14,40,63,4,48,59,-13,62,23,-23,54,-20,-23,-13,-63,-9,-51,-29,-5,-56,31,-13,-42,26,-18,14,27,-29,48,37,-34,49,57,-21,43,63,-2,38,51,9,35,51,16,33,54,19,31,54,19
boxing(17), 33,52,16,35,55,11,48,57,-1,67,47,-14,58,32,-15,-37,34,23,-90,57,63,-64,60,61,-46,44,36,4,53,13,46,72,6,59,74,1,57,63,4,46,52,14,37,50,18,34,53,21,32,53,23
boxing(17), 31,56,18,39,73,6,52,75,-6,66,25,0,58,-33,5,8,-47,3,-39,-1,21,-79,53,29,-86,46,6,-36,38,-23,10,46,-35,27,36,-57,37,34,-48,42,40,-11,36,47,-1,33,52,6,31,53,10
boxing(17), 33,54,12,34,59,4,41,57,-11,64,52,-26,66,45,-30,-13,35,-13,-52,38,24,-49,45,51,-55,37,41,-13,41,22,27,59,11,48,59,-8,55,55,-6,50,50,14,40,49,20,34,53,22,31,53,23
boxing(17), 29,52,22,31,59,16,38,68,3,56,68,-7,73,59,-11,49,42,-7,5,45,25,-27,62,51,-38,57,40,-4,59,21,33,68,4,43,71,-4,42,64,6,40,49,17,35,47,19,32,52,23,30,53,24
boxing(16), 30,51,24,32,57,21,46,75,8,71,52,3,63,4,1,-3,-29,9,-48,-16,13,-92,21,-2,-105,15,-10,-41,2,-31,13,26,-46,44,56,-27,55,53,0,43,57,9,31,63,15,30,57,24
boxing(16), 33,49,27,43,57,18,63,69,-11,84,34,-33,38,11,-18,-22,41,30,-61,64,59,-70,67,41,-18,73,16,25,73,-1,36,74,-7,32,72,4,34,57,13,35,54,19,34,51,24,32,50,24
boxing(15), 36,55,19,54,65,2,77,54,-25,59,18,-34,-45,24,-2,-125,73,32,-104,77,21,-43,50,-7,29,58,-36,69,56,-27,63,39,6,47,36,12,40,44,18,37,49,21,35,48,23
boxing(10), 34,50,18,35,51,12,36,54,4,35,51,-2,26,32,-17,7,14,-47,-8,6,-68,-14,1,-68,-14,-3,-64,-13,-6,-64
