clapx2(14), 7,22,-60,10,21,-66,22,24,-69,35,40,-53,36,57,-29,25,55,-3,9,46,-6,13,37,-27,35,37,-10,22,25,-2,-4,13,-21,-2,20,-29,7,27,-34,19,31,-39
clapx2(15), 11,21,-67,19,29,-68,31,45,-51,36,50,-24,31,45,-4,22,40,4,12,41,-17,27,43,-24,24,49,-76,11,48,-111,20,36,-71,23,30,-52,28,33,-42,30,37,-47,30,37,-58
clapx2(14), 9,22,-61,12,29,-63,22,45,-55,31,55,-38,32,55,-17,29,48,1,20,42,1,32,42,-4,49,45,4,40,42,-8,29,37,-22,27,35,-25,29,32,-33,31,32,-43
clapx2(18), 9,24,-60,12,24,-66,18,29,-69,28,39,-57,33,47,-34,32,45,-11,30,38,7,24,33,-7,27,26,-28,38,23,-28,48,27,-7,49,27,16,65,27,6,73,32,-9,54,35,-19,47,35,-31,44,33,-44,36,29,-54
clapx2(15), 7,23,-61,9,20,-69,17,23,-72,28,39,-55,32,50,-1,23,43,8,8,38,-1,7,39,-18,31,47,-11,48,48,11,23,42,2,-4,36,-17,1,33,-23,12,31,-30,21,29,-38
clapx2(17), 7,22,-63,11,26,-69,18,37,-69,27,44,-51,34,43,-28,38,39,-7,30,34,-2,-1,5,-54,-12,-17,-90,14,6,-57,31,25,-36,12,16,-72,-4,4,-84,4,8,-54,16,14,-45,26,18,-49,28,19,-58
clapx2(15), 4,20,-69,7,24,-63,16,27,-64,30,36,-57,37,45,-29,34,46,-10,23,43,-15,26,28,-21,41,24,-20,47,35,-15,29,24,-36,7,15,-61,7,20,-54,14,17,-48,20,16,-51
clapx2(23), 5,16,-63,6,12,-72,12,14,-76,22,33,-59,30,49,-31,31,47,-3,31,32,15,32,24,22,23,20,13,28,17,13,49,13,45,54,7,66,59,3,52,62,9,36,54,24,32,52,29,26,51,29,7,46,15,-23,32,1,-52,19,4,-68,13,8,-73,9,9,-68,7,10,-65
clapx2(18), 7,12,-62,7,7,-67,15,8,-70,26,29,-64,33,49,-42,32,53,-14,26,46,3,17,39,-2,44,33,-8,72,32,-12,68,32,-4,60,31,10,69,27,-2,68,27,-16,44,28,-23,39,24,-30,38,25,-45,35,27,-58
clapx2(19), 6,13,-67,14,14,-73,27,28,-66,34,43,-43,32,47,-17,24,44,-2,16,21,-16,30,2,-26,47,13,-21,48,28,-2,12,34,6,-21,30,-13,-11,29,-22,4,30,-24,17,28,-32,25,23,-45,28,22,-57,26,22,-64,19,21,-67
clapx2(16), 6,19,-68,11,23,-73,23,38,-61,30,51,-34,30,48,-13,24,44,-1,-14,42,-68,-13,46,-99,28,59,-41,38,60,3,47,51,7,43,42,-18,28,31,-27,24,26,-33,27,28,-47,25,29,-60
clapx2(16), 10,15,-70,19,27,-66,26,47,-48,28,53,-17,25,44,6,-31,22,-59,-42,21,-94,24,45,-21,-10,21,-58,-43,4,-94,-10,21,-53,10,25,-43,27,32,-43,30,37,-53,23,35,-58,12,31,-66
clapx2(17), 9,20,-68,18,36,-60,25,52,-39,28,53,-10,26,46,12,-18,61,-53,-23,75,-91,25,62,-31,47,47,56,65,44,83,61,45,27,41,35,-4,34,28,-24,32,25,-42,27,26,-55,20,27,-61,13,23,-63
clapx2(17), 5,16,-62,5,14,-69,11,17,-68,21,33,-55,27,48,-38,29,49,-16,27,44,-3,14,47,-6,18,53,-9,41,52,-2,29,40,-68,24,39,-104,33,42,-60,28,32,-44,32,31,-43,36,33,-57,28,31,-64
clapx2(16), 12,20,-71,23,39,-53,32,53,-23,31,49,-1,24,44,5,-15,59,-65,-14,84,-95,33,98,-33,31,79,-23,8,48,-33,3,36,-30,15,32,-35,29,36,-48,32,34,-59,23,28,-64,14,24,-63
clapx2(15), 10,18,-69,17,33,-63,25,50,-47,31,54,-22,34,46,-5,36,39,5,29,38,-2,16,23,-34,22,6,-42,41,22,-17,38,24,-27,22,13,-38,17,21,-28,22,30,-36,28,35,-47
clapx2(19), 6,16,-64,5,15,-70,11,18,-67,24,36,-54,35,56,-34,39,57,-1,26,48,23,-8,5,-32,-8,-17,-71,27,16,-16,20,15,-11,-2,3,-39,4,14,-28,20,24,-26,28,33,-43,25,31,-60,19,23,-65,14,19,-67,10,16,-65
clapx2(21), 6,16,-65,10,17,-71,22,30,-68,33,52,-44,35,55,-8,31,39,18,33,26,27,5,76,-47,-15,117,-94,16,74,-14,15,64,4,-3,75,-23,8,60,-12,19,49,-4,27,43,-7,30,40,-25,30,30,-47,26,19,-62,21,17,-69,16,16,-71,11,16,-67
clapx2(18), 5,14,-63,5,9,-72,13,6,-79,24,24,-68,30,46,-36,28,48,-2,17,43,7,2,13,-16,3,-9,-39,27,7,-7,-2,58,-47,-29,86,-101,-5,61,-71,10,41,-59,26,32,-55,36,31,-59,36,30,-66,30,26,-69
clapx2(16), 7,10,-66,13,13,-70,27,28,-66,34,47,-51,33,55,-25,29,49,3,18,43,5,40,39,-8,76,40,3,74,44,19,73,39,6,62,35,-19,41,34,-24,37,28,-26,38,25,-36,38,24,-46
clapx2(21), 6,15,-64,9,13,-72,17,13,-71,30,30,-58,40,50,-40,39,50,-16,34,40,3,29,34,14,23,37,6,33,37,-12,50,30,-5,51,29,13,48,33,2,41,32,-17,31,24,-19,35,20,-24,39,24,-43,37,27,-60,33,23,-66,25,20,-68,16,17,-67
clapx2(20), 8,9,-67,12,14,-73,19,27,-71,26,40,-53,27,47,-25,26,44,-2,28,37,12,21,37,-7,23,38,-20,47,37,6,73,30,66,80,37,82,62,43,28,46,30,-1,42,30,-14,42,32,-31,38,31,-46,29,27,-57,21,22,-63,16,19,-66
clapx2(17), 9,11,-72,17,22,-72,29,41,-59,35,48,-35,34,46,-9,30,43,11,-13,75,-57,-15,103,-98,29,96,-34,-25,15,-70,-56,-30,-98,-14,6,-55,10,17,-45,27,30,-41,34,37,-48,29,33,-56,20,25,-61
clapx2(18), 8,18,-63,11,27,-65,19,37,-60,29,48,-45,36,53,-21,35,48,8,25,44,19,-8,-11,-34,-18,-41,-75,11,9,-26,-11,23,-43,-39,18,-72,-18,26,-44,4,31,-43,20,37,-48,26,37,-56,24,28,-61,19,22,-64
clapx2(17), 7,16,-66,11,14,-72,21,26,-68,31,50,-46,34,56,-13,27,48,8,-12,49,-8,-29,46,-29,15,37,14,2,17,35,-32,10,2,-11,24,-13,14,31,-21,29,34,-29,32,32,-37,29,27,-46,24,23,-55
clapx2(17), 9,19,-67,16,30,-62,27,47,-38,34,48,2,31,37,32,-21,91,-37,-28,127,-79,27,92,0,-17,115,-38,-46,127,-89,-4,121,-51,17,73,-40,27,41,-47,27,30,-60,23,26,-67,19,22,-67,13,19,-64
clapx2(16), 7,15,-66,10,20,-68,19,37,-59,28,48,-40,32,48,-19,30,44,-3,20,41,-15,8,33,-34,15,27,-21,-8,-10,-75,-18,-9,-97,13,29,-48,25,29,-38,35,28,-37,37,29,-48,30,26,-58
clapx2(17), 9,18,-64,10,16,-70,14,26,-69,23,46,-51,31,51,-27,34,45,-6,29,42,-3,7,-12,-40,9,-50,-51,-20,-84,-73,-47,-76,-80,-11,-3,-38,12,19,-34,25,32,-39,32,35,-51,27,30,-58,18,24,-59
clapx2(15), 13,23,-66,21,35,-57,30,44,-40,34,47,-21,37,40,4,27,33,43,29,42,59,43,59,51,2,40,-7,-28,21,-43,-7,34,-29,13,40,-34,27,38,-40,29,34,-51,24,28,-57
clapx2(15), 11,19,-66,19,34,-58,29,50,-37,33,54,-11,31,45,10,20,40,-4,14,37,-20,27,30,7,-4,-10,-39,-27,-15,-73,-1,28,-44,17,38,-40,30,39,-42,32,35,-54,25,29,-61
clapx2(17), 11,16,-67,16,29,-64,26,45,-48,33,49,-22,36,44,0,34,37,9,23,39,-15,23,50,-24,31,59,-2,-3,11,-58,-22,-13,-90,1,22,-52,17,33,-43,33,38,-43,38,36,-50,29,29,-55,19,22,-59
clapx2(19), 11,14,-65,14,20,-64,23,33,-53,30,44,-38,33,45,-21,34,40,-5,29,37,-6,13,6,-22,15,-20,-22,11,5,-80,12,39,-105,30,46,-55,32,36,-39,41,32,-36,45,28,-45,32,23,-55,21,19,-60,18,17,-63,17,15,-64
clapx2(17), 12,14,-65,15,29,-61,22,51,-46,31,57,-25,36,52,-6,32,48,6,9,66,-62,13,95,-94,35,97,-25,0,35,-51,-21,5,-78,1,32,-43,15,29,-37,32,30,-40,36,34,-50,27,29,-56,21,23,-58
clapx2(17), 12,15,-62,12,12,-68,14,15,-62,20,32,-35,30,51,-4,38,55,16,37,47,24,26,43,4,28,32,-5,38,21,14,-10,23,-54,-31,37,-83,4,40,-38,19,33,-33,31,34,-34,38,31,-46,34,26,-56
clapx2(14), 13,15,-67,20,27,-61,29,41,-48,34,48,-28,32,47,-10,24,44,-2,2,15,-18,-3,1,-34,20,27,-12,21,31,-7,7,28,-25,8,36,-28,16,33,-31,24,28,-37
clapx2(16), 11,14,-65,20,32,-59,30,48,-47,35,52,-30,37,48,-15,35,41,-6,28,36,-9,43,32,-18,69,30,0,67,37,33,62,43,22,54,38,-11,40,32,-21,37,32,-27,38,32,-37,36,29,-47
clapx2(19), 11,16,-68,16,18,-63,24,35,-42,30,52,-14,31,52,11,32,40,26,27,32,32,-4,-4,4,-15,-8,-16,15,26,23,-10,37,28,-38,51,-1,-14,57,-8,7,42,-18,21,29,-36,26,29,-52,26,25,-61,22,22,-65,17,20,-65
clapx2(20), 11,20,-65,19,30,-58,31,46,-34,38,53,2,36,47,25,32,38,33,24,35,30,46,27,11,75,27,0,69,34,24,43,42,34,16,51,12,11,51,0,17,49,-8,23,40,-21,26,35,-38,30,32,-53,30,27,-59,21,23,-58,15,22,-62
clapx2(18), 14,17,-67,23,31,-55,32,47,-29,35,51,-2,33,45,15,29,36,24,3,31,29,-16,35,20,6,36,25,-6,54,30,-26,71,7,-7,64,-6,10,48,-14,21,32,-29,26,28,-46,26,25,-58,24,24,-61,19,23,-60
clapx2(16), 13,17,-69,20,28,-59,30,44,-32,36,48,-2,36,40,19,35,28,29,-7,54,12,-34,74,-10,3,49,15,29,50,-37,41,56,-93,45,48,-54,37,39,-36,38,29,-38,37,29,-50,31,26,-60
clapx2(14), 15,18,-65,22,31,-54,30,40,-41,33,43,-28,34,42,-18,28,43,-13,10,2,-48,13,-13,-58,42,25,-14,42,35,-7,21,32,-17,16,28,-21,23,26,-29,30,28,-41
clapx2(20), 11,18,-64,14,15,-69,24,22,-62,34,42,-44,40,56,-27,39,56,-10,33,49,6,26,42,5,47,40,-5,71,42,-6,64,41,11,43,43,15,22,52,-5,17,51,-12,20,40,-16,26,34,-26,34,32,-42,36,32,-57,28,31,-63,18,28,-62
clapx2(18), 13,19,-67,22,30,-67,34,47,-57,39,54,-34,38,50,-8,35,40,14,24,34,15,38,35,-1,59,31,-20,62,27,-22,66,32,4,61,34,24,23,35,-46,6,42,-91,22,40,-54,28,31,-44,37,28,-38,41,28,-44
clapx2(19), 11,18,-62,12,13,-68,14,9,-69,24,20,-59,36,38,-38,41,42,-13,40,37,3,36,36,11,24,37,64,35,32,81,53,19,24,55,20,11,51,31,42,56,34,38,54,31,3,36,27,-14,33,28,-24,37,30,-35,38,29,-48
clapx2(17), 12,17,-67,17,32,-63,28,53,-42,36,55,-14,39,45,4,39,40,13,31,42,9,4,0,-27,-4,-13,-51,26,32,-14,15,55,-56,8,62,-96,29,53,-56,28,40,-43,35,37,-39,41,39,-44,38,36,-51
clapx2(18), 11,21,-61,12,16,-67,14,16,-64,23,29,-44,32,43,-18,34,47,3,32,40,18,32,30,33,22,87,-38,28,126,-72,47,76,-8,54,43,27,51,12,11,35,-1,-21,28,15,-19,30,24,-24,33,31,-35,34,32,-47
clapx2(15), 14,18,-62,20,28,-57,31,41,-46,38,46,-28,41,41,-12,38,38,1,26,39,-5,28,31,-14,44,19,-9,53,21,8,37,18,-5,12,18,-30,10,29,-28,18,33,-30,26,33,-36
clapx2(15), 12,19,-59,15,30,-56,23,43,-47,34,49,-27,40,46,-8,39,42,7,28,42,8,17,12,-14,25,-13,-24,43,6,-6,37,13,-14,19,14,-32,14,26,-29,21,33,-33,31,36,-41
clapx2(16), 12,24,-65,20,33,-60,31,50,-43,38,52,-19,38,42,-1,36,36,14,22,41,-6,40,51,-23,71,52,10,3,32,-45,-44,25,-85,-5,36,-44,20,41,-38,33,44,-40,35,40,-47,28,33,-55
clapx2(19), 10,16,-64,18,26,-52,31,45,-36,41,53,-14,43,50,1,43,47,6,38,45,9,-4,84,-61,-15,112,-95,29,91,-26,25,49,-17,1,20,-36,2,27,-29,13,32,-30,25,34,-39,25,25,-57,20,25,-60,15,23,-62,11,19,-63
