
left(15), -36,1,-55,-16,-4,75,14,-15,78,23,-17,81,20,-6,70,19,8,48,14,21,18,-9,-7,-17,-39,-41,-44,-53,-43,-75,-42,-31,-84,-29,-14,-68,-25,-9,-64,-20,-2,-62,-17,4,-62
left(19), -18,13,-64,-19,20,-70,-30,11,-67,-57,-38,-41,-88,-98,-15,-128,-122,4,-128,-57,38,-128,19,63,-85,30,85,-34,31,97,2,42,81,13,53,61,1,62,29,-28,55,-4,-56,17,-33,-63,-17,-52,-57,-27,-52,-44,-33,-51,-31,-32,-53
left(19), -20,10,-60,-19,3,-64,-25,-25,-80,-63,-41,-105,-117,-13,-76,-126,28,-7,-87,28,32,-43,2,65,-14,-5,78,-7,9,56,-22,20,15,-52,2,-41,-60,-20,-73,-48,-21,-79,-39,-12,-79,-27,-3,-69,-23,3,-67,-22,6,-64,-21,8,-63
left(24), -19,14,-63,-17,24,-64,-11,38,-48,-6,50,-23,-19,77,-30,-59,97,-62,-114,96,-79,-128,92,-18,-128,85,44,-110,57,51,-61,19,69,-21,3,76,12,2,69,32,4,61,33,12,49,8,50,18,-30,80,-32,-53,66,-58,-33,57,-50,-14,51,-51,-14,36,-60,-13,29,-60,-13,21,-57,-13,8,-50
left(30), -15,9,-51,-24,11,-58,-34,13,-55,-42,21,-45,-51,20,-31,-56,25,-26,-95,29,-32,-116,22,-26,-93,16,-14,-68,14,-14,-43,14,-28,-56,15,-47,-111,28,-59,-128,33,-22,-128,40,36,-124,24,54,-71,-21,68,-30,-32,74,-20,-16,70,-46,19,64,-88,56,50,-120,68,39,-118,38,21,-100,9,-12,-79,6,-23,-66,9,-14,-66,25,0,-64,38,7,-54,42,2,-46,42,-5
left(24), -52,35,-9,-59,26,-9,-61,17,-9,-64,9,-6,-68,-2,5,-61,2,15,-54,22,3,-57,31,-14,-82,0,-29,-114,-48,-39,-128,-47,-17,-126,-7,30,-88,-26,66,-62,-55,73,-45,-27,45,-53,0,21,-78,9,7,-93,19,-22,-97,20,-55,-85,22,-54,-67,28,-27,-60,25,-16,-59,25,-13,-60,26,-11
left(22), -59,26,-10,-58,32,-16,-60,42,-28,-63,32,-37,-75,-7,-39,-97,-49,-23,-112,-83,15,-128,-86,33,-128,-34,35,-128,21,38,-111,51,31,-73,72,13,-62,79,-10,-71,82,-20,-93,80,-27,-106,62,-23,-108,34,-20,-99,17,-19,-83,17,-12,-73,21,-11,-66,22,-10,-62,22,-5
left(22), -62,20,-2,-61,27,-6,-63,29,-10,-61,34,-6,-68,53,-21,-93,59,-43,-111,52,-28,-107,47,8,-86,17,43,-56,-11,56,-28,-5,57,-27,18,42,-39,35,16,-52,33,3,-70,21,-13,-79,18,-23,-82,20,-35,-78,22,-33,-65,26,-15,-61,25,-11,-60,26,-9,-60,26,-7
left(27), -59,29,-8,-65,32,-11,-75,52,-19,-71,64,-29,-49,54,-28,-24,41,-20,-2,28,-19,9,14,-31,0,-10,-48,-18,-57,-53,-35,-94,-48,-74,-90,-43,-103,-24,-19,-84,49,-3,-58,59,-7,-36,41,-15,-20,35,-32,-34,54,-39,-70,61,-49,-87,44,-61,-85,20,-74,-80,14,-67,-69,23,-33,-60,27,-15,-58,25,-12,-59,24,-12,-58,26,-12
left(25), -59,28,-13,-63,33,-16,-70,48,-19,-64,56,-12,-43,58,2,-29,68,-6,-20,97,-26,-6,125,-44,-20,119,-42,-63,53,23,-64,0,53,-22,-1,38,-3,-6,44,0,-9,37,10,-8,21,9,3,7,-11,29,-20,-37,47,-42,-58,57,-49,-60,68,-52,-43,62,-38,-34,53,-22,-37,51,-17,-37,52,-15,-34,55,-12
left(18), -32,54,-13,-31,55,-21,-40,53,-40,-54,53,-56,-70,59,-74,-99,63,-63,-100,54,-2,-66,38,29,-36,21,29,-15,11,35,-3,12,25,4,20,12,4,32,2,-1,53,-10,-9,68,-23,-13,76,-31,-8,74,-30,-6,66,-20
left(18), -7,62,-10,-8,61,-28,-19,62,-59,-45,62,-83,-91,54,-67,-100,55,-8,-67,44,27,-41,20,40,-23,9,53,-14,12,41,-14,38,18,-27,71,-7,-34,87,-28,-29,82,-34,-18,71,-29,-9,67,-23,-6,65,-17,-5,64,-10
left(21), -2,66,-7,3,73,-11,5,66,-22,-4,23,-35,-22,-31,-30,-47,-70,-12,-87,-82,-1,-128,-66,5,-127,-23,15,-85,27,19,-46,44,11,-12,51,8,5,70,5,1,95,-15,-9,106,-29,-14,103,-35,-11,91,-29,-2,78,-13,3,76,-1,5,68,3,5,62,1
left(22), 7,62,-2,4,67,-4,-3,71,-4,-10,64,-2,-14,58,-5,-19,62,-23,-41,65,-59,-89,51,-89,-128,45,-28,-128,56,35,-57,45,41,-35,28,60,-26,27,64,-13,28,52,-12,46,33,-25,75,12,-25,85,-12,-6,82,-18,12,72,-17,16,71,-13,12,76,-7,7,67,-1
left(19), -17,67,-10,-37,65,-37,-90,56,-80,-128,49,-51,-128,50,34,-96,35,51,-58,12,42,-31,10,52,-15,22,44,-13,51,23,-21,78,-2,-27,89,-22,-28,84,-33,-21,71,-40,-12,69,-31,-9,71,-12,-13,67,-6,-18,62,-3,-21,58,-1
left(21), -19,57,-6,-19,63,2,-21,66,3,-24,65,-15,-40,52,-47,-73,29,-67,-128,-3,-55,-128,13,8,-88,39,48,-74,30,50,-57,35,49,-28,47,12,-18,62,-13,-31,81,-36,-45,79,-51,-47,62,-47,-43,56,-36,-44,47,-16,-42,40,-11,-36,35,-11,-32,33,-12
left(13), -35,38,-13,-43,37,-12,-52,31,-4,-73,35,-17,-85,38,-34,-76,46,-25,-61,50,-21,-47,45,-26,-37,48,-35,-22,48,-50,-12,42,-59,-14,34,-53,-14,23,-51
left(18), -10,21,-60,-17,-2,-92,-36,-41,-128,-81,-25,-114,-126,23,-5,-116,36,56,-86,28,65,-68,21,69,-45,42,4,-39,62,-61,-51,42,-88,-50,21,-81,-41,24,-60,-31,45,-50,-22,59,-45,-21,60,-42,-22,55,-39,-23,47,-40
left(13), -22,42,-40,-29,41,-40,-41,45,-45,-51,45,-48,-47,31,-44,-32,23,-43,-17,21,-44,-5,16,-43,0,12,-46,-7,10,-63,-12,8,-68,-12,6,-64,-15,7,-66
left(14), -19,0,-74,-32,-13,-94,-52,-11,-104,-62,11,-62,-64,28,2,-54,29,34,-36,29,46,-23,29,39,-7,18,3,4,-4,-44,2,-22,-74,-6,-18,-82,-13,-4,-81,-17,3,-69
left(15), -20,16,-60,-24,-5,-77,-38,-15,-101,-61,11,-103,-77,38,-41,-66,43,28,-43,32,43,-28,27,48,-20,25,40,-16,26,2,-17,21,-55,-23,12,-93,-25,16,-93,-23,20,-79,-20,19,-68
left(16), -17,18,-62,-19,5,-78,-25,-16,-96,-41,-1,-82,-57,28,-30,-50,27,13,-33,27,32,-17,30,42,-4,34,31,-1,32,-1,-2,2,-40,-8,-21,-69,-16,-10,-82,-19,2,-78,-18,9,-68,-18,14,-64
left(19), -19,21,-58,-18,28,-57,-19,40,-76,-31,64,-98,-55,78,-71,-69,75,-19,-58,45,18,-39,8,37,-21,-3,45,-3,5,40,8,18,16,10,-1,-17,-1,-15,-55,-22,-4,-87,-29,6,-87,-24,13,-71,-20,16,-65,-19,20,-62,-19,20,-60
left(19), -21,21,-64,-18,16,-74,-4,25,-70,9,59,-67,7,90,-66,-5,86,-48,-17,58,-16,-23,40,14,-17,28,40,-5,17,60,7,16,62,19,17,40,22,30,1,12,31,-38,-2,10,-64,-11,1,-74,-14,5,-74,-13,8,-68,-14,11,-66
left(17), -17,13,-62,-16,6,-69,-17,-2,-85,-23,4,-93,-25,23,-89,-31,41,-60,-41,46,-12,-28,39,21,-6,28,38,2,24,43,9,34,36,18,43,12,24,42,-25,21,45,-57,13,47,-69,9,48,-66,9,48,-59
left(17), 13,45,-44,11,43,-50,5,39,-63,-4,38,-83,-26,38,-92,-57,43,-57,-62,57,-9,-39,56,20,-12,43,36,6,37,41,13,37,33,13,44,18,9,54,-2,1,61,-24,-3,65,-33,-3,67,-29,0,67,-27
left(12), 8,61,-22,1,65,-45,-20,66,-70,-41,61,-57,-54,64,-21,-44,65,18,-11,51,42,14,40,30,25,43,14,28,50,9,29,55,6,29,58,2
left(22), 27,57,8,27,58,2,25,62,-11,19,73,-30,8,81,-42,2,79,-40,2,77,-35,2,72,-36,-19,66,-56,-69,71,-91,-128,80,-66,-128,69,12,-105,45,56,-47,22,71,-8,13,73,11,22,62,10,38,44,2,52,21,0,56,1,6,55,-11,9,58,-16,6,60,-22
left(14), 18,59,-12,15,60,-21,-8,69,-53,-72,75,-81,-128,87,-28,-128,70,60,-87,31,85,-37,21,69,6,26,43,27,38,16,35,50,3,34,57,-5,32,57,-9,33,56,-9
left(25), 33,56,4,29,56,13,22,56,16,17,59,8,5,61,-18,-8,35,-39,-16,0,-53,-22,-14,-71,-19,-16,-74,-14,-17,-70,-19,-30,-68,-29,-68,-65,-48,-103,-62,-96,-81,-60,-112,-15,-49,-72,31,-41,-39,33,-49,-21,25,-58,-15,15,-63,-12,6,-63,-11,-1,-62,-12,-18,-60,-13,-32,-61,-10,-33,-64,-6,-30,-65
left(15), 4,-11,-63,-2,-23,-61,-24,-64,-59,-50,-107,-56,-99,-91,-44,-127,-15,-26,-90,46,-23,-56,62,-30,-24,47,-31,9,10,-34,20,-23,-45,19,-40,-55,15,-39,-58,13,-35,-57,15,-32,-56
left(13), -13,72,-15,-33,82,-27,-58,95,-38,-78,95,-24,-90,78,16,-73,54,54,-37,35,68,-7,33,58,15,37,39,25,45,27,26,55,22,24,61,17,24,62,12
left(25), 14,60,14,8,62,6,3,64,-2,-6,69,-14,-18,78,-29,-22,84,-39,-15,80,-39,-4,71,-31,4,65,-25,7,61,-22,-2,63,-34,-24,66,-58,-47,72,-70,-74,75,-41,-93,63,14,-72,52,46,-31,39,60,-2,36,60,14,47,44,20,55,30,24,57,14,27,58,-7,29,58,-21,29,56,-26,28,55,-26
left(20), 29,57,-6,27,58,2,25,52,10,24,41,17,16,37,19,3,47,13,-12,66,-3,-34,85,-33,-58,96,-62,-70,89,-52,-82,78,-7,-71,61,43,-35,44,69,-12,41,71,5,41,45,21,39,0,29,35,-25,29,37,-30,28,46,-29,29,52,-27
left(10), 34,50,-12,38,49,-4,38,48,-4,34,45,-12,25,27,-22,10,-1,-39,-3,-18,-55,-12,-23,-59,-21,-21,-56,-28,-20,-55
left(15), -5,7,-64,-10,-7,-67,-23,-24,-79,-47,-7,-65,-56,22,3,-29,30,61,0,34,71,3,37,52,-18,43,24,-37,18,-16,-37,-18,-55,-26,-20,-68,-18,-8,-63,-14,1,-61,-12,4,-63
left(16), -11,0,-63,-13,-7,-67,-34,-41,-84,-64,-44,-65,-72,9,9,-47,10,94,-17,-13,126,-20,11,109,-46,-22,55,-58,-59,-27,-46,-33,-63,-26,-10,-65,-15,3,-63,-12,9,-63,-11,9,-62,-10,9,-63
left(16), -10,8,-64,-17,-4,-72,-32,-11,-80,-50,10,-65,-40,23,-3,-19,-6,61,-6,-19,89,5,5,93,-1,27,70,-13,46,41,-28,39,7,-33,21,-35,-24,12,-60,-14,12,-65,-10,20,-64,-8,24,-61
left(16), -5,27,-59,-8,23,-63,-18,16,-73,-34,17,-78,-47,32,-54,-38,61,-2,-16,57,59,3,37,92,10,47,81,-8,56,52,-26,46,7,-22,32,-40,-8,35,-57,1,44,-53,4,48,-45,6,48,-40
left(19), 4,50,-44,-2,49,-47,-19,46,-56,-39,46,-64,-55,55,-61,-73,66,-42,-76,67,-9,-58,62,21,-35,53,43,-14,44,57,2,40,61,14,38,57,23,33,40,28,28,9,26,17,-27,17,9,-55,11,13,-68,8,19,-69,4,21,-69
left(16), 4,23,-61,1,13,-66,-5,-27,-68,-16,-78,-63,-39,-87,-57,-67,-43,-40,-66,5,-31,-42,31,-28,-30,41,-31,-13,36,-40,10,30,-47,16,19,-59,13,1,-72,5,-7,-78,-3,-6,-77,-3,-2,-73
left(16), 12,6,-64,10,-12,-66,13,-44,-63,18,-66,-55,8,-76,-50,-28,-64,-50,-45,-22,-59,-32,5,-65,-27,2,-58,-28,-7,-55,-22,-19,-53,-4,-40,-55,11,-49,-62,18,-42,-65,18,-32,-67,15,-19,-68
left(15), 17,1,-64,15,-12,-68,11,-29,-70,5,-51,-69,-21,-67,-62,-64,-32,-39,-60,-5,-26,-30,-4,-35,-21,10,-49,-22,18,-58,-15,21,-61,-2,14,-65,8,4,-69,11,-4,-70,5,-12,-71
left(18), 22,8,-61,19,2,-65,14,-9,-70,15,-24,-76,16,-44,-74,-8,-54,-58,-48,-14,-38,-52,38,-31,-29,56,-37,-20,63,-44,-15,61,-52,-6,44,-57,-3,22,-60,-4,-1,-68,-7,-14,-76,-5,-15,-79,4,-6,-74,13,3,-69
left(17), 22,10,-60,14,0,-69,0,-14,-86,-23,-13,-99,-63,9,-67,-70,34,2,-39,37,53,-18,25,73,-5,24,72,3,36,56,6,48,30,2,55,3,-6,53,-22,-8,52,-45,1,52,-53,13,48,-47,19,50,-40
left(17), 24,50,-38,21,49,-44,12,49,-57,1,48,-72,-11,47,-63,-40,48,-25,-47,50,24,-27,47,57,-19,40,66,-8,36,65,6,35,53,10,41,28,2,53,-5,-4,64,-32,0,61,-46,8,55,-46,17,56,-37
left(17), 25,51,-31,22,52,-39,13,53,-53,2,47,-68,-20,42,-84,-38,34,-40,-41,3,44,-37,-21,84,-19,-15,90,4,2,71,16,32,34,13,59,-5,3,47,-37,-2,27,-55,5,29,-58,13,32,-54,17,32,-51
left(18), 16,5,-62,16,-4,-63,16,-10,-61,15,-18,-58,13,-33,-57,14,-57,-51,17,-84,-36,11,-92,-19,-31,-71,-18,-57,-27,-49,-47,2,-71,-47,-4,-67,-34,-21,-56,-11,-43,-42,3,-66,-31,12,-73,-26,18,-62,-31,20,-51,-37
left(16), 17,-46,-46,17,-61,-41,16,-78,-31,8,-79,-29,-11,-63,-33,-39,-25,-47,-46,6,-57,-42,8,-58,-39,1,-62,-16,-9,-58,5,-20,-56,14,-39,-51,19,-54,-43,20,-55,-44,19,-47,-49,20,-39,-52
left(16), 23,-34,-51,20,-45,-50,21,-69,-42,21,-92,-34,0,-84,-32,-47,-32,-30,-60,12,-36,-43,26,-47,-32,27,-52,-5,8,-49,19,-15,-49,21,-34,-54,16,-50,-54,15,-55,-52,16,-47,-53,19,-39,-54
left(17), 24,-34,-51,21,-48,-48,17,-69,-43,11,-83,-36,-1,-78,-30,-35,-44,-28,-54,8,-37,-42,43,-51,-35,51,-52,-25,45,-51,-4,25,-54,9,0,-60,9,-22,-65,3,-41,-63,1,-47,-60,6,-41,-59,11,-36,-59
left(16), 18,-34,-52,13,-56,-49,5,-83,-41,-5,-86,-41,-32,-65,-42,-54,-28,-45,-46,13,-52,-35,35,-55,-18,43,-52,4,35,-45,15,6,-48,11,-28,-57,5,-50,-57,6,-56,-56,10,-48,-56,17,-38,-55
left(17), 26,-27,-53,23,-36,-54,20,-57,-48,14,-82,-42,2,-85,-43,-35,-64,-41,-54,-13,-44,-37,35,-49,-23,46,-48,-1,36,-49,24,14,-49,28,-10,-48,19,-34,-49,12,-49,-52,8,-48,-56,10,-40,-58,14,-36,-57
left(16), 21,-31,-54,17,-44,-53,14,-69,-47,7,-89,-42,-16,-75,-37,-50,-23,-31,-60,32,-43,-46,53,-52,-33,42,-55,-4,17,-52,17,-10,-49,15,-36,-55,9,-51,-56,7,-49,-56,8,-42,-54,13,-36,-53
left(17), 22,-31,-51,20,-42,-50,8,-60,-61,-8,-45,-74,-20,5,-45,-31,32,14,-25,28,50,-13,22,63,-7,21,65,6,25,51,22,28,27,26,30,-8,21,-4,-44,17,-33,-61,17,-20,-68,19,-10,-67,21,-3,-62
left(16), 28,-4,-57,26,-13,-63,23,-39,-72,19,-69,-77,-9,-56,-62,-59,19,-26,-68,76,5,-42,79,23,-10,61,20,19,44,1,27,14,-24,18,-29,-49,9,-50,-63,10,-48,-63,12,-38,-60,16,-28,-59
left(18), -28,-1,-58,-31,-11,-67,-43,-17,-79,-68,-3,-69,-62,20,-12,-47,30,31,-42,16,39,-21,3,51,1,7,59,16,22,61,15,38,46,2,38,17,-17,10,-17,-30,-24,-46,-33,-33,-61,-30,-26,-66,-26,-18,-65,-25,-15,-61
left(13), -28,-4,-63,-31,-15,-76,-37,-29,-83,-39,-33,-84,-41,-28,-76,-46,0,-53,-41,29,-38,-27,31,-31,-15,21,-31,-1,11,-36,8,4,-44,10,-5,-54,9,-12,-65
left(15), -16,-4,-65,-17,-11,-75,-17,-16,-89,-8,-24,-92,4,-29,-75,-13,-18,-53,-30,6,-41,-26,23,-34,-21,25,-30,-4,14,-35,16,-7,-48,24,-25,-66,26,-28,-76,19,-20,-78,10,-12,-77
left(16), 7,-4,-65,9,-9,-70,16,-20,-82,24,-33,-87,23,-39,-80,-9,-30,-65,-32,-10,-55,-27,9,-47,-26,11,-41,-16,-2,-43,11,-14,-46,39,-23,-45,55,-23,-49,56,-17,-53,48,-9,-53,41,-4,-54
left(17), 36,-5,-52,30,7,-58,27,36,-57,25,56,-35,17,56,1,8,47,33,6,37,54,11,30,63,18,30,66,19,37,61,18,43,38,17,52,0,10,42,-38,5,28,-59,8,30,-64,13,29,-63,18,29,-60
left(17), 24,33,-50,21,31,-63,15,25,-82,6,25,-91,-8,37,-63,-29,49,-13,-31,53,33,-11,48,62,8,46,65,20,47,51,28,42,29,27,37,3,19,36,-23,16,33,-41,16,41,-51,19,46,-53,23,44,-48
left(18), 27,33,-48,25,26,-56,20,13,-69,16,-5,-83,13,-13,-86,3,5,-65,-19,32,-30,-26,52,6,-15,65,31,-3,66,40,12,56,31,25,47,4,20,39,-29,7,15,-58,1,-6,-71,1,-13,-73,7,-15,-70,12,-15,-65
left(25), 18,-13,-61,16,-31,-58,25,-7,-21,32,36,9,37,52,11,41,59,23,39,34,28,38,10,5,33,2,-23,33,-7,-37,34,0,-36,36,22,-15,39,40,4,40,46,10,40,51,13,42,65,19,43,34,14,38,-8,-15,31,-3,-33,34,17,-27,39,39,-7,41,47,13,44,43,23,45,44,20,44,44,8
left(23), 39,42,-6,36,42,-14,34,40,-19,32,37,-26,29,41,-32,23,55,-49,14,62,-61,7,63,-47,2,60,-17,-4,53,14,-3,46,36,8,39,54,20,37,65,27,38,67,28,38,60,28,35,46,26,37,23,22,50,-2,15,26,-27,9,-8,-48,10,-15,-59,13,-19,-62,15,-17,-63
left(16), 19,-9,-62,15,-22,-69,11,-45,-73,10,-60,-67,3,-59,-57,-18,-45,-49,-30,-15,-50,-21,13,-52,-12,22,-55,-7,13,-59,5,2,-57,21,-8,-53,29,-22,-51,31,-33,-50,27,-37,-51,23,-37,-55
left(16), 24,-17,-58,23,-24,-61,22,-37,-65,23,-58,-60,24,-66,-51,11,-54,-46,-19,-31,-47,-32,-2,-56,-26,14,-63,-25,8,-66,-15,-4,-64,6,-14,-56,19,-21,-51,25,-26,-51,23,-32,-54,20,-36,-57
left(16), 22,-23,-58,20,-38,-61,22,-58,-58,22,-64,-54,14,-54,-51,-9,-40,-46,-26,-12,-47,-24,18,-52,-19,26,-55,-3,22,-52,16,13,-51,23,-6,-52,20,-29,-59,14,-41,-64,11,-40,-63,12,-34,-61
left(16), 20,-25,-59,18,-43,-60,13,-65,-59,8,-71,-56,-11,-60,-55,-36,-27,-53,-38,11,-54,-27,28,-58,-16,25,-57,5,13,-50,20,-3,-49,21,-22,-53,18,-37,-59,12,-38,-67,12,-32,-68,14,-25,-64
left(16), 21,-17,-62,17,-34,-68,13,-56,-71,11,-62,-68,5,-49,-61,-16,-25,-49,-28,10,-47,-22,37,-51,-21,37,-52,-20,24,-58,-11,0,-65,0,-29,-66,10,-44,-66,15,-41,-68,16,-32,-68,19,-27,-64
left(17), 27,-13,-58,23,-27,-65,19,-46,-70,20,-53,-69,18,-45,-64,4,-28,-57,-17,-4,-54,-20,18,-54,-12,29,-58,0,28,-56,21,20,-49,34,5,-51,31,-15,-62,22,-25,-72,15,-25,-73,14,-22,-70,17,-16,-67
left(17), 24,-4,-62,17,-12,-75,12,0,-80,15,34,-66,20,59,-39,16,64,-10,9,62,20,8,59,40,11,52,41,22,47,32,33,42,9,29,33,-26,14,13,-60,6,-3,-77,6,0,-78,10,8,-72,15,12,-65
left(17), 22,11,-61,19,4,-66,16,-20,-68,15,-53,-59,8,-73,-47,-11,-68,-40,-38,-26,-42,-45,22,-49,-29,36,-50,-3,30,-48,28,22,-40,42,12,-41,40,1,-54,28,-4,-70,18,0,-80,17,6,-76,19,13,-68
left(17), 26,25,-53,22,22,-61,14,17,-81,8,15,-97,5,26,-78,-20,40,-38,-36,55,0,-24,68,27,-17,63,41,3,48,35,29,27,10,40,1,-19,42,-13,-47,35,-10,-67,27,-2,-71,24,4,-65,27,9,-58
left(15), 32,15,-55,31,-2,-72,31,-26,-90,28,-16,-80,-3,19,-56,-28,55,-33,-23,71,-19,-16,65,-12,-1,53,-16,18,38,-33,26,9,-53,27,-20,-66,26,-23,-69,25,-11,-64,26,-3,-59
left(16), 31,-7,-60,32,-26,-61,35,-54,-58,31,-55,-51,-12,-28,-47,-47,11,-57,-50,32,-59,-40,19,-49,-10,-8,-50,14,-36,-54,22,-58,-55,21,-55,-58,20,-39,-58,20,-29,-56,23,-26,-55,26,-26,-56
left(14), 27,-26,-54,25,-37,-54,24,-55,-53,23,-63,-50,6,-55,-51,-29,-28,-66,-46,0,-77,-38,7,-72,-18,-2,-59,7,-19,-48,20,-40,-42,22,-47,-45,20,-38,-54,19,-31,-57
left(15), 24,-23,-55,23,-31,-56,20,-49,-56,18,-62,-57,12,-55,-54,-15,-28,-44,-42,16,-47,-48,47,-60,-42,48,-59,-18,26,-56,1,-18,-52,4,-53,-49,3,-60,-51,6,-48,-54,11,-36,-54
left(17), 20,-28,-55,16,-39,-58,6,-51,-67,-3,-36,-75,-12,-6,-58,-39,32,-14,-50,66,33,-33,79,59,-23,73,45,-27,36,8,-27,-27,-27,-15,-55,-52,-7,-38,-62,2,-18,-63,7,-6,-61,8,0,-61,7,5,-64
