right(16), -21,17,-60,-28,6,-66,-30,3,-66,-24,50,-17,-21,85,75,-43,83,86,-86,57,9,-92,29,-32,-62,39,-35,-39,54,-37,-24,63,-38,-11,62,-24,1,67,-3,7,73,-1,1,70,-5,-8,67,-14
right(14), -10,64,-16,-11,67,-23,-12,67,-24,-12,63,0,-19,45,72,-20,58,85,-35,54,-2,-43,37,-44,-29,66,-24,-18,86,-2,-1,79,15,2,67,20,-1,65,19,-8,68,13
right(11), -12,60,1,-7,51,45,-7,54,68,-38,44,1,-54,39,-43,-26,73,-29,-7,80,-10,-2,69,12,1,64,26,0,62,25,-5,62,21
right(15), -31,-4,-62,-28,7,-62,-19,49,-27,-19,71,22,-36,80,27,-44,74,-16,-34,49,-47,-22,61,-42,-16,75,-37,-15,63,-40,-16,44,-47,-22,25,-53,-32,21,-61,-37,23,-64,-35,18,-60
right(14), -32,20,-58,-32,34,-56,-30,58,-4,-33,67,28,-41,64,-12,-34,50,-44,-19,50,-39,-17,71,-29,-21,68,-35,-22,48,-45,-22,32,-53,-25,22,-55,-30,18,-57,-33,18,-57
right(12), -35,27,-55,-32,46,-37,-29,60,16,-36,58,32,-39,47,-1,-31,33,-19,-16,38,-20,-9,47,-29,-13,43,-45,-16,30,-53,-18,23,-54,-22,20,-54
right(10), -30,30,-54,-27,53,-24,-27,69,30,-43,67,33,-43,76,1,-22,53,-14,-11,34,-23,-8,43,-33,-11,43,-39,-17,40,-46
right(14), -41,26,-47,-32,60,-10,-31,79,23,-53,70,14,-59,57,-20,-40,47,-43,-14,54,-36,-1,54,-33,-4,52,-36,-12,49,-36,-26,40,-41,-34,31,-49,-35,23,-52,-36,18,-52
right(12), -37,22,-52,-39,31,-51,-26,59,-8,-20,66,60,-40,61,52,-61,58,-11,-49,33,-42,-18,30,-42,-7,48,-35,-11,61,-41,-19,63,-51,-27,52,-57
right(11), -36,19,-53,-35,26,-58,-28,47,-50,-15,77,-6,-22,83,14,-41,58,-17,-41,25,-41,-33,13,-48,-31,24,-51,-30,38,-52,-28,52,-55
right(13), -35,20,-53,-40,23,-59,-44,47,-63,-39,57,-57,-33,31,-52,-32,8,-55,-30,0,-57,-24,7,-53,-21,25,-51,-22,42,-49,-25,44,-49,-28,33,-56,-32,24,-60
right(12), -33,23,-53,-33,41,-57,-34,68,-50,-33,71,-36,-34,45,-32,-35,18,-43,-30,6,-53,-24,18,-60,-20,36,-58,-18,48,-53,-20,51,-51,-27,43,-55
right(16), -33,26,-49,-38,28,-54,-35,52,-47,-30,83,-14,-40,75,-6,-50,35,-32,-40,5,-47,-32,17,-53,-32,45,-56,-25,58,-52,-21,55,-47,-25,46,-49,-31,33,-54,-33,26,-56,-33,27,-54,-32,26,-52
right(14), -35,28,-52,-32,61,-35,-29,96,-3,-39,77,-6,-50,32,-36,-44,7,-52,-31,17,-51,-22,38,-47,-15,54,-46,-16,52,-47,-24,38,-46,-30,25,-47,-33,19,-50,-34,18,-49
right(10), -34,20,-53,-29,32,-38,-16,53,10,-15,58,33,-27,52,10,-34,35,-22,-32,25,-43,-24,33,-50,-19,42,-48,-16,46,-45
right(10), -33,25,-52,-31,35,-48,-18,59,-12,-13,64,34,-24,51,38,-31,56,7,-29,63,-23,-21,64,-27,-15,62,-19,-18,63,-19
right(11), -33,26,-50,-36,23,-56,-34,38,-36,-26,59,23,-26,54,43,-31,45,8,-32,47,-26,-27,48,-41,-20,51,-45,-19,59,-45,-18,59,-44
right(10), -37,24,-51,-32,52,-22,-25,75,29,-34,55,43,-43,47,3,-42,40,-41,-36,36,-57,-29,46,-54,-22,47,-43,-21,50,-38
right(16), -34,26,-49,-39,24,-53,-31,46,-19,-22,63,42,-29,57,47,-37,54,0,-39,44,-36,-31,43,-41,-21,57,-37,-15,60,-33,-12,55,-31,-18,48,-36,-29,43,-48,-35,36,-56,-35,27,-54,-34,25,-52
right(11), -36,27,-51,-36,38,-42,-24,61,-1,-20,67,27,-36,70,15,-39,48,-3,-26,38,-20,-17,62,-32,-13,61,-36,-16,56,-42,-22,45,-49
right(15), -39,24,-49,-36,48,-36,-29,71,0,-33,62,3,-49,61,-26,-52,68,-39,-38,70,-35,-24,73,-22,-15,70,-18,-16,61,-27,-25,45,-40,-31,28,-48,-31,21,-50,-32,23,-48,-32,25,-46
right(15), -43,26,-47,-41,58,-16,-45,84,44,-61,73,44,-66,58,-23,-48,34,-59,-25,40,-42,-34,75,-35,-38,81,-42,-27,65,-43,-31,49,-47,-37,31,-46,-38,21,-47,-37,21,-48,-39,20,-46
right(10), -39,26,-46,-39,38,-43,-31,64,-6,-31,73,15,-43,67,-11,-42,44,-32,-30,27,-39,-24,40,-40,-23,48,-37,-26,44,-38
right(16), -37,29,-45,-38,52,-27,-41,73,21,-46,63,30,-49,57,-3,-41,59,-25,-22,57,-40,-13,52,-37,-17,46,-27,-23,45,-24,-37,58,-44,-45,56,-59,-41,37,-54,-38,31,-51,-37,28,-49,-36,27,-49
right(16), -38,28,-49,-42,51,-14,-46,63,33,-43,61,19,-33,66,-30,-21,74,-48,-11,69,-31,-10,57,-23,-15,56,-27,-22,47,-30,-42,47,-48,-53,43,-61,-45,30,-55,-40,27,-51,-37,26,-50,-36,26,-49
right(14), -34,31,-49,-34,46,-35,-35,60,12,-28,58,27,-26,56,-13,-21,59,-28,-14,59,-13,-20,81,-4,-19,87,-11,-19,58,-28,-24,44,-45,-29,36,-54,-30,29,-54,-29,27,-52