up(14), 5,5,-68,12,-3,-82,22,-12,-100,19,1,-92,9,20,-59,6,22,-26,12,14,-6,21,6,-10,26,-1,-30,25,-6,-55,23,-8,-72,20,-8,-77,17,-5,-74,14,-1,-70
up(13), 5,1,-67,8,-5,-76,17,-9,-81,17,4,-71,21,18,-57,28,22,-44,25,16,-27,30,5,-23,36,3,-37,34,8,-52,26,11,-63,22,9,-66,18,5,-66
up(13), 10,5,-67,16,-3,-78,22,-3,-77,27,2,-63,24,11,-59,17,23,-50,16,21,-37,21,11,-32,26,3,-37,27,0,-53,25,-1,-66,24,-1,-71,21,0,-70
up(13), 9,6,-64,13,2,-69,20,-2,-79,27,-1,-78,30,0,-65,18,3,-54,2,13,-46,2,15,-41,13,7,-46,25,-1,-56,30,-4,-64,28,-2,-67,23,2,-68
up(13), 12,4,-66,16,0,-69,23,-6,-73,31,-12,-74,31,-10,-66,15,4,-57,-1,14,-47,-1,12,-42,11,6,-44,27,0,-50,37,-7,-57,39,-6,-64,30,-1,-68
up(13), 14,-1,-68,21,-4,-74,30,-2,-79,38,0,-79,34,4,-62,17,13,-44,1,19,-36,2,12,-35,14,0,-41,24,-7,-52,29,-6,-64,29,-1,-70,23,1,-71
up(15), 8,5,-64,8,2,-71,13,-3,-86,12,0,-89,10,10,-68,20,10,-42,24,8,-24,28,3,-9,36,-1,-16,37,4,-35,31,6,-51,22,5,-67,18,4,-74,16,4,-72,13,5,-65
up(12), 13,7,-71,20,2,-81,24,4,-78,24,7,-66,29,22,-45,22,36,-38,11,33,-38,19,22,-33,31,4,-31,34,-2,-33,32,0,-47,30,0,-61
up(14), 17,7,-65,21,2,-73,27,-2,-75,29,2,-69,30,8,-56,36,11,-40,27,21,-36,12,29,-37,17,19,-36,25,5,-43,31,-5,-58,32,-2,-66,32,5,-66,28,8,-64
up(12), 18,3,-63,23,-2,-70,32,-7,-75,38,0,-68,36,1,-61,16,4,-57,0,13,-45,6,7,-36,18,-2,-42,26,-3,-54,29,2,-65,30,5,-68
up(14), 16,4,-62,21,-3,-71,30,-4,-78,39,-6,-77,42,-10,-62,27,4,-45,11,13,-37,7,11,-33,16,3,-38,30,-2,-51,39,-4,-65,40,-1,-69,36,3,-66,28,6,-63
up(14), 19,-1,-63,25,-7,-70,34,-6,-73,44,-3,-66,51,-6,-53,39,-3,-42,10,3,-41,-7,9,-45,1,9,-48,21,3,-51,37,-3,-57,41,-6,-63,36,-5,-68,29,0,-66
up(13), 17,-5,-66,25,-9,-73,37,-7,-73,46,-8,-65,42,-11,-52,19,-2,-47,-1,9,-45,0,7,-44,12,-2,-50,29,-6,-56,41,-9,-58,43,-7,-59,37,0,-61
up(13), 20,2,-62,24,-2,-66,32,-5,-69,38,-1,-65,37,8,-61,23,17,-57,7,19,-49,6,14,-46,17,4,-52,29,-4,-59,34,-6,-61,34,-3,-60,30,0,-61
up(12), 21,1,-63,26,-4,-68,34,-11,-71,44,-2,-66,43,4,-57,20,4,-54,0,10,-51,2,7,-44,17,1,-41,32,-3,-45,39,-6,-53,41,-4,-59
up(14), 22,1,-61,26,-4,-67,29,-8,-69,35,6,-56,37,18,-54,29,19,-53,25,12,-37,31,4,-28,39,-1,-30,40,-1,-41,36,2,-56,35,5,-61,32,7,-62,28,7,-62
up(13), 24,5,-61,28,1,-65,36,-6,-67,49,-2,-66,54,7,-65,34,10,-59,5,12,-49,-5,10,-44,4,5,-42,21,1,-41,32,-3,-42,37,-8,-51,38,-12,-60
up(10), 52,-11,-50,31,-6,-40,-4,3,-41,-16,8,-46,3,5,-45,29,-1,-45,44,-3,-52,48,-2,-59,43,0,-61,35,3,-62
up(14), 21,1,-66,28,0,-70,38,-2,-69,48,-7,-64,48,-6,-54,30,1,-49,4,10,-46,-2,13,-41,13,4,-41,33,-8,-46,48,-13,-53,51,-9,-57,44,-3,-60,35,2,-63
up(10), 23,-1,-64,30,-1,-69,41,2,-68,48,1,-63,47,4,-58,35,7,-48,15,10,-42,6,11,-44,12,5,-43,25,0,-45
up(14), 16,4,-64,23,-2,-73,33,-2,-80,39,-1,-75,36,1,-69,21,2,-59,8,4,-44,9,11,-32,19,10,-29,33,1,-34,42,-7,-47,43,-10,-61,39,-6,-68,34,1,-66
up(13), 9,1,-70,18,-8,-78,27,2,-79,29,19,-65,25,19,-48,18,16,-37,18,7,-26,26,-4,-27,29,-9,-44,26,-7,-62,23,-4,-70,20,0,-70,15,1,-70
up(10), 7,1,-67,12,-4,-73,21,-5,-76,31,-4,-72,32,0,-66,19,10,-57,5,13,-44,5,12,-37,13,7,-41,22,1,-51
up(10), 17,7,-63,22,1,-68,30,0,-70,35,6,-71,35,8,-69,29,12,-55,21,13,-37,18,11,-29,21,10,-32,28,11,-41
up(12), 28,-1,-66,36,-2,-65,40,-3,-66,34,4,-64,18,14,-56,5,18,-45,7,13,-39,17,4,-43,31,-3,-47,42,-4,-53,47,-3,-60,42,1,-63
up(13), 26,3,-65,35,6,-66,45,7,-66,49,7,-62,38,5,-54,15,6,-48,0,8,-45,4,4,-42,21,1,-44,38,4,-50,47,8,-56,47,9,-59,38,8,-62
up(10), 21,6,-65,27,5,-69,37,4,-70,45,4,-68,41,6,-62,25,7,-52,7,5,-43,3,2,-40,9,-1,-43,19,-1,-48
up(14), 17,7,-62,21,3,-67,32,4,-73,46,7,-72,49,4,-66,37,4,-55,14,9,-46,0,13,-41,2,12,-39,16,8,-43,34,3,-53,45,-1,-61,45,-1,-65,37,3,-67
up(14), 16,-2,-67,23,-6,-75,32,-4,-76,39,0,-68,39,-6,-54,24,-2,-46,7,13,-43,7,15,-39,17,6,-40,28,-6,-49,36,-11,-63,38,-9,-68,36,-1,-65,31,5,-62
up(13), 11,-6,-71,21,-7,-74,31,-8,-76,33,-8,-74,24,1,-64,10,7,-49,3,8,-36,8,8,-33,21,8,-42,31,6,-57,33,3,-68,32,0,-71,24,1,-69
up(13), 10,5,-65,12,1,-71,22,-4,-75,35,-5,-76,40,-3,-73,28,1,-59,8,8,-46,-2,9,-37,4,4,-35,19,2,-41,31,3,-49,36,4,-58,35,4,-65
up(14), 14,5,-69,26,4,-75,38,6,-79,41,5,-74,32,0,-60,8,1,-47,-11,7,-39,-11,7,-35,3,0,-43,22,-1,-57,34,2,-67,38,5,-71,31,6,-76,19,8,-73
up(15), 7,7,-64,12,5,-70,24,2,-79,32,1,-83,29,2,-73,19,4,-58,7,6,-47,-4,10,-42,-4,11,-40,7,8,-41,23,5,-49,33,4,-62,33,6,-65,23,8,-64,14,9,-66
up(14), 12,6,-68,21,3,-75,29,3,-78,30,2,-74,24,2,-62,12,6,-48,0,12,-40,-2,13,-35,6,11,-38,17,5,-52,28,0,-66,34,3,-76,28,7,-75,16,7,-67
up(17), 11,4,-68,20,2,-73,31,3,-77,36,3,-73,31,1,-61,18,3,-49,1,7,-43,-5,10,-39,4,8,-39,20,1,-44,34,-4,-56,44,-4,-70,38,-1,-76,21,5,-71,13,7,-67,12,6,-65,10,5,-64
up(17), 10,5,-67,21,1,-78,33,-2,-90,34,-1,-85,23,5,-60,5,11,-41,-2,11,-32,7,9,-27,21,8,-32,29,9,-47,32,9,-64,35,5,-76,27,4,-77,15,8,-68,12,8,-66,12,7,-67,11,7,-64
up(14), 10,5,-68,20,-2,-77,35,-6,-87,38,-3,-87,28,1,-68,12,5,-45,0,9,-31,1,10,-27,14,7,-32,26,6,-44,33,7,-58,37,9,-69,33,9,-76,21,9,-74
up(15), 9,8,-63,11,5,-69,23,0,-79,36,-2,-82,38,-4,-72,25,-4,-55,1,4,-45,-14,11,-40,-8,11,-41,10,7,-47,29,0,-55,39,-5,-67,34,-3,-72,24,1,-69,16,5,-65
up(15), 14,8,-64,17,6,-70,22,3,-82,31,8,-79,36,9,-68,41,-4,-55,44,-6,-36,22,2,-33,-2,9,-36,-2,7,-36,17,0,-42,38,-6,-53,45,-7,-64,39,-5,-70,30,-3,-70
up(14), 10,2,-67,16,-4,-73,24,-8,-76,30,-2,-77,27,9,-75,19,14,-62,13,11,-41,13,5,-26,17,1,-25,23,4,-39,27,11,-59,31,14,-71,32,10,-72,25,8,-72
up(16), 8,4,-67,12,-1,-75,22,-10,-79,28,-1,-79,24,9,-77,20,10,-62,20,14,-37,26,7,-12,36,0,4,42,-3,-2,42,0,-20,36,6,-42,29,10,-62,25,10,-69,23,8,-70,21,6,-70
up(11), 24,13,-63,19,12,-42,19,9,-22,27,5,-10,37,-2,-10,40,1,-27,35,12,-55,29,17,-73,26,15,-72,24,14,-66,20,15,-62
up(16), 16,11,-65,21,8,-72,30,9,-74,35,13,-75,30,16,-75,22,17,-62,20,14,-36,23,8,-11,31,1,5,38,0,4,40,8,-12,38,20,-37,34,25,-63,31,21,-71,26,16,-67,20,14,-63
up(16), 15,13,-62,21,6,-73,31,5,-83,34,13,-81,29,18,-71,23,19,-51,21,14,-27,26,8,-8,35,6,0,41,9,-9,41,18,-26,37,23,-45,32,19,-60,30,15,-67,27,14,-66,21,13,-64
up(15), 16,12,-65,23,7,-72,30,6,-78,31,10,-78,26,12,-69,21,14,-47,20,11,-24,26,6,-6,35,3,-2,40,11,-15,42,20,-36,41,20,-56,34,14,-66,29,12,-67,25,13,-65
up(11), 27,20,-53,25,18,-38,29,11,-24,37,3,-14,41,-1,-16,38,6,-27,35,14,-42,31,16,-58,29,13,-71,26,11,-73,20,12,-65
up(16), 16,12,-61,19,9,-66,26,7,-72,29,12,-78,26,20,-78,24,23,-59,26,16,-33,29,4,-11,34,-5,2,38,-3,-3,35,8,-20,31,16,-45,30,17,-66,29,14,-75,25,11,-72,19,13,-64
up(15), 18,11,-67,25,7,-71,31,9,-76,29,16,-78,22,18,-62,18,15,-36,22,7,-12,33,-1,2,40,2,-5,36,15,-25,31,23,-44,29,21,-60,29,17,-66,27,14,-68,20,14,-67
up(15), 15,14,-62,17,11,-68,23,11,-74,28,16,-78,28,20,-75,25,20,-58,24,14,-33,27,3,-11,32,-5,-1,35,-3,-14,32,12,-39,29,21,-58,27,18,-69,25,16,-71,20,15,-67
up(15), 12,13,-62,13,10,-70,18,5,-78,23,7,-83,22,12,-79,19,14,-53,19,9,-22,23,1,3,29,1,9,32,11,-10,32,20,-41,28,19,-67,21,13,-79,14,11,-75,13,13,-66
