wishing2(21), 16,5,-62,15,0,-67,15,-14,-81,24,-20,-88,34,9,-70,28,47,-41,8,50,-19,-13,5,-16,-19,-61,-30,-1,-91,-55,27,-53,-78,39,11,-79,26,38,-57,3,21,-32,-14,-24,-27,-3,-62,-45,24,-56,-67,37,-31,-74,35,-23,-67,29,-18,-60,27,-17,-59
wishing2(23), 26,-15,-60,31,-21,-64,33,-45,-66,29,-68,-58,16,-64,-44,-5,-37,-37,-7,3,-29,13,37,-23,37,34,-40,52,-15,-64,49,-66,-76,33,-77,-73,8,-49,-60,-6,-12,-39,5,13,-20,35,42,-24,59,50,-48,55,26,-67,39,6,-64,28,-5,-56,26,-11,-55,30,-11,-56,32,-10,-55
wishing2(21), 30,-11,-56,29,-21,-60,33,-34,-69,44,-16,-76,45,27,-68,31,47,-46,11,40,-25,-3,11,-15,-2,-54,-24,13,-98,-52,30,-63,-72,37,-3,-73,29,23,-59,13,21,-36,-7,-5,-25,-3,-44,-36,15,-38,-57,31,-11,-68,38,-10,-65,33,-9,-60,29,-7,-59
wishing2(21), 30,-11,-61,37,-17,-65,38,-34,-60,29,-54,-50,11,-55,-40,-8,-22,-33,-8,17,-37,19,36,-45,52,15,-58,56,-37,-73,40,-74,-74,19,-70,-67,-7,-34,-57,-11,6,-36,16,30,-24,47,30,-39,52,11,-62,36,-7,-71,27,-11,-66,28,-10,-60,31,-7,-58
wishing2(22), 31,-6,-57,31,-13,-59,31,-21,-67,38,-18,-71,50,5,-65,46,35,-55,28,46,-36,12,34,-16,-1,8,-13,-1,-39,-31,13,-72,-60,35,-45,-77,48,1,-78,39,21,-61,21,15,-37,7,-8,-29,6,-36,-38,18,-35,-58,33,-14,-69,37,-11,-64,32,-11,-59,30,-9,-58
wishing2(23), 35,-9,-58,38,-16,-58,35,-44,-59,27,-69,-56,10,-60,-47,-10,-28,-36,-10,5,-27,11,28,-24,47,33,-34,72,24,-56,67,1,-69,49,-35,-67,29,-57,-55,8,-45,-43,-5,-17,-33,6,12,-29,43,30,-38,71,32,-50,63,17,-56,42,0,-54,34,-11,-54,37,-13,-53,40,-9,-50
wishing2(23), 39,-14,-50,44,-20,-57,53,-10,-66,57,12,-65,49,26,-51,31,22,-33,12,3,-23,2,-27,-24,9,-55,-42,32,-52,-69,52,-24,-86,53,4,-82,37,17,-60,18,10,-34,4,-9,-23,2,-35,-30,16,-49,-52,43,-36,-68,56,-14,-62,47,-6,-50,41,-7,-43,42,-7,-43,43,-8,-47
wishing2(25), 41,-7,-49,44,-1,-49,47,-8,-52,46,-37,-55,40,-55,-48,24,-45,-41,8,-19,-39,9,5,-35,24,21,-33,40,23,-48,49,10,-73,47,-14,-84,37,-39,-78,25,-56,-63,9,-48,-51,-4,-24,-35,0,-2,-24,24,21,-29,66,32,-43,75,15,-60,49,-8,-60,34,-18,-48,32,-19,-44,37,-18,-44,42,-17,-43
wishing2(21), 19,4,-61,27,0,-67,31,-26,-82,16,-50,-79,-11,-35,-62,-29,3,-43,-18,38,-32,6,57,-48,15,30,-101,8,-29,-128,-4,-56,-118,-29,-33,-88,-40,10,-53,-11,46,-38,30,39,-58,49,2,-79,44,-13,-76,32,-8,-66,25,-2,-60,24,2,-58,26,5,-58
wishing2(20), 32,-3,-60,41,-5,-63,50,5,-63,44,29,-52,21,45,-37,-11,31,-33,-35,-16,-47,-31,-58,-81,-7,-41,-116,9,7,-117,4,43,-82,-16,50,-41,-36,17,-37,-23,-27,-73,7,-23,-92,22,9,-76,24,18,-59,21,12,-54,20,5,-58,23,-1,-60
wishing2(24), 26,11,-60,32,19,-58,37,9,-63,32,-29,-70,13,-49,-64,-19,-31,-53,-37,1,-45,-29,32,-49,1,58,-66,33,71,-91,31,56,-110,10,13,-109,-3,-26,-87,-19,-31,-61,-36,-8,-38,-33,25,-26,-5,52,-52,22,43,-98,25,13,-109,15,-4,-81,11,-5,-59,12,1,-54,17,5,-55,22,6,-57
wishing2(22), 34,20,-60,40,8,-67,34,-21,-72,14,-42,-62,-13,-29,-42,-25,-1,-29,-20,34,-33,-7,66,-61,5,58,-105,8,28,-128,-1,5,-118,-25,-10,-82,-39,-8,-43,-25,11,-26,1,45,-45,24,59,-89,28,37,-104,19,11,-85,11,1,-66,12,6,-59,20,12,-59,25,13,-58
wishing2(35), 27,12,-56,34,12,-58,44,12,-66,47,0,-74,33,-31,-71,6,-55,-58,-20,-47,-44,-34,-23,-28,-34,-2,-18,-30,18,-18,-36,46,-38,-38,68,-73,-38,65,-99,-50,42,-111,-63,19,-114,-66,8,-103,-58,-1,-84,-47,-11,-62,-35,-12,-39,-22,-7,-18,-14,2,-3,-17,22,-6,-24,52,-30,-22,72,-66,-8,77,-103,-6,69,-118,-16,52,-103,-19,34,-75,-11,17,-49,1,6,-31,13,4,-30,28,10,-43,38,14,-52,40,15,-53,37,16,-51
wishing2(31), 34,14,-49,35,6,-53,45,6,-59,58,27,-65,54,56,-56,30,71,-32,2,61,-16,-20,35,-14,-38,-5,-20,-56,-38,-38,-75,-41,-81,-76,-7,-123,-60,39,-128,-51,71,-98,-43,76,-56,-30,56,-25,-30,33,-13,-43,9,-15,-58,-23,-34,-73,-48,-83,-68,-35,-128,-46,5,-127,-29,34,-91,-12,37,-49,8,26,-19,21,16,-14,28,12,-33,35,13,-55,40,17,-61,39,19,-56,36,19,-50
wishing2(26), 44,25,-47,44,1,-57,35,-34,-59,17,-36,-49,-2,-11,-41,-2,23,-34,11,39,-39,18,52,-72,18,50,-109,9,15,-112,-2,-8,-80,-8,-8,-45,-11,0,-25,-8,16,-32,8,55,-58,37,83,-77,43,71,-86,25,50,-77,12,29,-59,6,15,-44,12,5,-36,27,6,-44,39,18,-55,40,23,-56,35,24,-52,31,24,-48
wishing2(27), 31,24,-51,34,21,-55,48,16,-62,54,31,-59,38,53,-40,17,53,-20,-1,40,-13,-22,11,-25,-41,-29,-57,-47,-45,-100,-38,-21,-128,-27,22,-127,-24,52,-86,-19,54,-39,-16,37,-10,-24,14,-13,-37,-15,-52,-35,-32,-99,-13,-13,-120,4,20,-103,9,33,-65,16,27,-36,24,15,-30,31,5,-44,36,1,-57,38,1,-58,36,5,-55
wishing2(28), 42,5,-55,44,-10,-61,38,-37,-65,23,-49,-60,1,-31,-46,-16,-2,-30,-18,26,-17,-15,58,-32,-14,84,-79,-20,83,-120,-35,53,-128,-44,25,-110,-46,7,-81,-41,3,-49,-28,9,-22,-16,29,-7,-12,68,-19,-10,99,-65,-18,87,-109,-41,44,-119,-48,14,-97,-39,4,-63,-17,-1,-35,8,-2,-26,27,1,-31,39,1,-40,46,-1,-46,48,-3,-48
wishing2(29), 39,-6,-50,44,-11,-52,56,-11,-53,65,7,-47,56,31,-37,29,42,-28,2,32,-20,-25,6,-18,-54,-18,-33,-80,-21,-79,-74,-3,-122,-47,26,-127,-37,58,-97,-34,69,-54,-33,52,-23,-40,22,-16,-53,-22,-28,-70,-56,-71,-75,-48,-128,-61,-9,-128,-43,27,-108,-27,34,-59,-14,20,-27,1,2,-23,18,-12,-46,30,-16,-65,33,-15,-66,33,-11,-59,32,-5,-57
wishing2(26), 41,7,-57,40,-10,-61,26,-46,-56,3,-59,-42,-20,-39,-36,-28,-1,-30,-21,46,-28,-6,85,-46,-1,93,-86,-14,67,-113,-27,34,-106,-40,3,-77,-48,-14,-45,-44,1,-26,-28,46,-22,-2,84,-43,15,92,-87,9,69,-112,-4,35,-97,-7,14,-65,-1,5,-43,11,6,-41,25,11,-52,32,13,-58,31,12,-57,30,14,-55
wishing2(29), 31,13,-55,38,15,-53,52,17,-54,54,7,-57,36,-17,-55,20,-33,-49,8,-34,-45,-9,-16,-39,-23,18,-28,-25,54,-40,-15,81,-88,-16,83,-127,-41,46,-128,-59,0,-110,-65,-19,-77,-68,-8,-41,-60,9,-22,-42,36,-43,-8,72,-91,20,89,-119,15,75,-114,1,46,-94,-7,26,-67,-4,13,-45,12,9,-41,28,12,-51,36,14,-54,38,15,-52,40,15,-54
wishing2(22), 38,10,-48,45,11,-57,57,26,-62,54,53,-49,22,65,-21,-22,42,0,-55,-7,-5,-84,-45,-48,-96,-29,-126,-78,16,-128,-72,54,-128,-75,73,-60,-68,60,-9,-58,23,-18,-43,-18,-70,-11,-30,-103,19,-16,-93,27,-3,-71,29,9,-55,28,16,-52,25,15,-55,26,11,-59
wishing2(23), 27,4,-59,31,3,-65,32,-24,-80,15,-52,-83,-14,-41,-59,-40,-9,-28,-50,38,-10,-41,101,-24,-29,127,-67,-36,119,-102,-55,74,-102,-69,27,-73,-69,5,-34,-49,14,-14,-28,51,-15,-1,98,-43,18,105,-83,9,71,-87,-2,41,-64,1,29,-46,13,29,-39,24,33,-40,30,35,-43
wishing2(27), 30,36,-49,43,38,-57,54,48,-67,44,71,-61,12,87,-40,-24,72,-18,-61,34,-23,-94,-19,-54,-106,-52,-108,-76,-41,-128,-49,1,-128,-48,41,-97,-46,53,-26,-49,41,4,-66,17,-30,-62,-19,-100,-19,-34,-128,6,-11,-128,10,15,-88,17,26,-45,21,23,-24,25,14,-24,34,12,-43,40,14,-59,40,11,-58,39,12,-51,41,22,-48
wishing2(25), 50,30,-53,51,0,-64,31,-47,-65,-4,-49,-48,-29,-2,-20,-27,51,-13,-7,82,-59,5,64,-125,-4,10,-128,-20,-25,-123,-44,-22,-76,-59,-3,-36,-45,18,-21,-12,66,-49,33,91,-96,27,57,-117,-4,20,-97,-4,-2,-58,1,-7,-35,17,-3,-35,35,3,-48,45,9,-58,45,14,-58,39,15,-50,38,15,-42
wishing2(25), 25,10,-56,25,-3,-63,39,-6,-76,55,26,-67,48,57,-37,17,62,-18,-25,41,-22,-58,-10,-47,-63,-52,-99,-41,-31,-128,-27,24,-128,-29,66,-89,-31,73,-32,-45,44,-26,-58,-15,-60,-45,-56,-99,-19,-30,-117,0,11,-95,10,25,-55,17,19,-35,25,11,-42,32,5,-58,34,2,-64,33,1,-61,33,3,-56
wishing2(26), 34,10,-52,36,19,-47,35,9,-57,27,-35,-71,10,-63,-64,-15,-41,-50,-25,-4,-37,-17,34,-23,3,74,-36,14,93,-90,-2,72,-128,-22,37,-122,-39,11,-76,-42,0,-32,-28,18,-17,-10,64,-38,10,82,-86,7,50,-123,-13,18,-115,-20,1,-78,-12,-2,-45,12,1,-32,37,9,-37,47,14,-46,48,13,-47,45,13,-46
wishing2(26), 38,7,-47,37,-4,-50,43,-13,-65,44,13,-84,32,52,-70,11,55,-31,-16,27,-13,-38,-19,-22,-55,-53,-73,-48,-49,-128,-28,-14,-128,-22,35,-107,-19,58,-50,-21,46,-12,-37,13,-7,-50,-41,-57,-43,-60,-121,-27,-23,-128,-18,15,-99,-8,31,-46,7,25,-13,23,6,-17,38,-6,-40,46,-8,-51,48,-8,-49,46,-6,-44
wishing2(24), 23,-28,-44,14,-14,-32,9,12,-22,10,48,-35,3,67,-76,-15,43,-117,-34,-5,-128,-43,-32,-114,-45,-26,-89,-40,-7,-60,-31,14,-29,-26,39,-4,-28,70,-21,-15,93,-92,-3,74,-128,-14,40,-125,-18,22,-79,-10,14,-42,4,8,-20,25,4,-25,41,5,-50,45,5,-63,41,5,-59,35,5,-56
wishing2(25), 42,3,-49,45,-7,-53,55,-5,-57,60,27,-50,46,51,-30,16,44,-15,-20,15,-17,-48,-24,-35,-73,-43,-79,-70,-27,-128,-48,11,-128,-44,51,-115,-44,61,-55,-39,39,-9,-38,1,-7,-34,-37,-69,-6,-39,-126,19,-10,-112,22,14,-65,24,16,-30,29,5,-29,37,-4,-45,43,-8,-52,44,-8,-50,42,-5,-47
wishing2(26), 47,-1,-48,50,-16,-57,41,-39,-59,21,-42,-44,-1,-22,-22,-15,14,-11,-15,60,-36,-7,95,-88,-14,72,-128,-35,19,-128,-57,-10,-103,-62,-14,-57,-46,5,-22,-31,47,-10,-12,81,-56,2,67,-128,-13,28,-128,-30,5,-113,-29,4,-61,-14,3,-19,12,2,-14,36,5,-41,47,3,-56,47,-3,-54,43,-4,-51,40,-3,-49
wishing2(25), 47,-7,-52,54,-6,-56,57,17,-44,41,40,-18,3,32,-3,-32,-7,-10,-60,-43,-63,-60,-32,-128,-37,15,-128,-29,62,-116,-35,69,-56,-45,38,-15,-54,-2,-6,-68,-32,-45,-70,-38,-118,-48,-16,-128,-36,22,-128,-32,41,-73,-16,29,-25,2,0,-11,25,-19,-29,42,-15,-53,45,-14,-55,41,-17,-47,40,-14,-45
wishing2(29), 42,-11,-48,47,-11,-52,45,-27,-54,33,-47,-49,15,-40,-34,-5,-7,-21,-13,43,-26,-4,78,-63,0,68,-122,-18,24,-128,-41,-11,-120,-54,-18,-71,-53,-7,-30,-42,12,-11,-38,48,-28,-30,82,-86,-21,76,-128,-33,53,-128,-48,31,-124,-53,13,-81,-42,3,-36,-18,-2,-5,11,5,-23,39,18,-67,52,15,-75,47,6,-60,40,1,-51,36,-1,-49,37,-3,-49
wishing2(27), 38,-1,-52,41,-10,-55,51,-13,-64,53,16,-58,40,51,-29,12,54,-7,-30,26,-9,-70,-22,-26,-99,-52,-76,-87,-29,-128,-50,22,-128,-39,58,-106,-35,58,-49,-40,31,-10,-54,-6,-4,-76,-29,-50,-86,-22,-122,-64,3,-128,-46,34,-122,-39,48,-66,-23,28,-17,6,-9,-7,32,-25,-33,43,-18,-51,44,-15,-49,42,-12,-46,42,-11,-45
wishing2(27), 44,-9,-47,47,-18,-54,40,-43,-56,20,-51,-39,0,-28,-18,-16,11,-11,-23,56,-35,-26,95,-82,-47,86,-128,-74,40,-128,-78,8,-111,-67,-1,-63,-45,5,-20,-28,18,2,-30,50,-13,-30,87,-68,-33,84,-126,-58,54,-128,-78,31,-118,-73,18,-68,-45,14,-17,-2,18,-4,32,17,-36,47,9,-59,50,8,-58,45,8,-53,41,6,-50
wishing2(27), 33,-6,-48,36,-12,-54,43,-7,-60,46,17,-58,44,48,-42,24,66,-20,-15,53,-11,-51,-1,-27,-80,-41,-73,-93,-18,-128,-89,27,-128,-77,61,-107,-55,61,-49,-38,41,-14,-45,13,-17,-67,-42,-51,-79,-59,-100,-62,-15,-127,-31,23,-101,-17,38,-56,-10,26,-29,-1,6,-26,9,-2,-41,17,-1,-63,21,1,-76,21,2,-78,22,5,-76
wishing2(27), 29,4,-73,42,-16,-66,59,-36,-58,59,-37,-47,38,-12,-34,21,21,-20,26,29,-14,41,28,-38,45,17,-98,29,-20,-128,3,-50,-103,-18,-44,-54,-29,-23,-27,-22,0,-17,0,37,-34,37,70,-79,54,59,-117,30,12,-123,0,-28,-98,-19,-30,-64,-24,-11,-35,-5,-1,-23,33,3,-26,65,9,-35,75,5,-45,66,-5,-47,54,-10,-43
wishing2(29), 49,-12,-41,59,-18,-43,69,-10,-44,65,15,-37,51,34,-22,28,34,-6,-2,16,-11,-25,-20,-48,-28,-34,-97,-8,-6,-124,21,21,-112,31,35,-76,27,37,-38,24,24,-10,19,3,-4,11,-15,-15,0,-28,-38,-7,-43,-72,-1,-59,-106,13,-43,-118,21,0,-95,24,23,-51,26,20,-20,33,1,-10,44,-16,-14,53,-22,-29,55,-24,-36,54,-22,-35,54,-17,-31
wishing2(27), 56,-13,-33,56,-20,-35,52,-50,-32,38,-68,-23,13,-45,-14,-4,-5,-5,-1,34,-16,27,64,-55,48,56,-104,36,3,-122,13,-39,-93,-8,-37,-55,-20,-17,-29,-18,2,-12,-1,27,-18,29,63,-59,52,73,-97,46,39,-107,28,-5,-95,13,-28,-69,-1,-27,-44,-1,-18,-28,28,-11,-23,61,-8,-29,70,-7,-34,64,-5,-32,56,-6,-32
wishing2(26), 50,-14,-36,53,-23,-37,65,-18,-44,67,20,-44,48,55,-23,16,53,1,-20,14,4,-37,-50,-19,-32,-84,-73,-5,-56,-124,19,-5,-118,15,31,-69,1,33,-22,-12,14,0,-24,-20,-7,-32,-58,-60,-20,-54,-125,5,-15,-128,20,13,-86,27,17,-33,31,6,-2,36,-3,-10,45,-9,-29,52,-15,-39,53,-16,-39,51,-16,-36
wishing2(26), 56,-14,-36,55,-23,-36,50,-44,-33,37,-51,-28,13,-20,-23,-1,41,-13,14,71,-36,35,50,-99,33,19,-126,16,-13,-106,0,-29,-72,-9,-22,-42,-11,-6,-17,0,29,-2,31,71,-35,53,73,-93,43,38,-113,23,1,-95,9,-16,-62,1,-14,-32,14,-7,-18,41,0,-22,59,3,-31,59,-1,-35,53,-7,-34,52,-10,-32
wishing2(25), 53,-12,-37,57,-18,-38,65,-9,-36,62,24,-21,41,48,1,1,35,3,-29,-26,-16,-30,-74,-67,-8,-43,-128,18,11,-126,22,39,-73,14,44,-19,3,33,14,-15,6,9,-31,-30,-51,-20,-41,-122,10,-19,-128,27,10,-89,27,21,-36,25,8,-4,32,-5,-9,45,-12,-31,53,-14,-44,54,-14,-43,52,-13,-37
wishing2(25), 56,-13,-38,52,-25,-39,41,-29,-31,26,-18,-22,20,6,-23,31,32,-47,47,32,-85,48,2,-104,32,-32,-94,12,-42,-71,-3,-30,-46,-4,-10,-23,8,11,-10,29,43,-25,51,64,-60,56,44,-91,41,10,-103,22,-7,-89,10,-8,-59,8,-4,-30,24,-2,-15,50,-6,-14,64,-9,-18,63,-8,-25,58,-8,-28
wishing2(26), 61,-12,-31,66,-5,-30,61,15,-20,45,25,-8,18,16,-13,-8,-22,-37,-12,-55,-66,6,-42,-93,35,-4,-105,48,25,-86,36,34,-48,21,27,-16,7,12,-6,-7,-10,-21,-14,-43,-62,-3,-53,-107,19,-23,-116,34,10,-84,33,22,-45,30,15,-19,34,0,-9,43,-13,-19,52,-18,-30,55,-18,-35,54,-16,-33,54,-14,-31
wishing2(26), 58,-15,-33,56,-27,-35,47,-37,-34,28,-25,-29,14,6,-16,17,40,-21,35,51,-70,40,28,-120,17,-14,-121,-7,-40,-86,-18,-33,-47,-18,-15,-20,-3,8,-8,21,45,-19,46,73,-54,52,62,-88,34,32,-105,17,8,-92,10,-6,-62,10,-14,-36,16,-18,-16,34,-10,-10,52,2,-20,61,5,-27,61,0,-28,57,-3,-27
wishing2(24), 66,-6,-33,68,9,-23,60,28,-7,37,30,4,3,12,-2,-19,-33,-34,-17,-57,-84,9,-31,-119,36,11,-110,34,40,-64,20,36,-18,7,22,2,-7,3,-7,-13,-35,-54,-1,-55,-110,20,-28,-115,32,7,-76,35,21,-36,36,14,-18,41,0,-20,49,-11,-29,53,-16,-36,53,-15,-38,52,-13,-36
wishing2(26), 53,-16,-39,51,-27,-43,46,-42,-42,34,-43,-34,18,-17,-19,10,30,-9,20,61,-27,40,53,-73,43,24,-112,28,-2,-112,10,-20,-81,-1,-28,-50,-3,-24,-28,7,-2,-15,19,37,-19,30,60,-46,37,46,-82,32,13,-107,20,-11,-101,10,-16,-70,10,-12,-40,25,-8,-26,46,-5,-24,57,-2,-27,57,-3,-29,55,-5,-30
wishing2(27), 56,-8,-32,60,-11,-37,66,-5,-40,65,18,-28,51,43,-6,26,44,11,-12,18,6,-29,-42,-28,-29,-63,-82,-14,-19,-121,18,25,-111,27,50,-66,19,46,-25,9,28,-2,-3,4,-6,-18,-34,-40,-19,-55,-94,2,-35,-123,24,-3,-101,30,18,-56,32,20,-19,37,8,-8,47,-6,-22,56,-14,-36,56,-14,-39,53,-12,-37,52,-12,-34
wishing2(27), 57,-6,-34,59,-18,-38,53,-46,-43,33,-54,-36,11,-26,-23,6,12,-9,23,43,-13,45,54,-52,48,43,-100,25,7,-118,3,-28,-97,-6,-31,-57,-9,-14,-27,-1,7,-9,16,25,-9,37,47,-41,53,52,-90,48,23,-115,27,-7,-102,12,-17,-69,9,-10,-38,19,-3,-21,41,-1,-19,57,-3,-25,60,-5,-32,57,-7,-34,54,-8,-34
wishing2(26), 56,-13,-36,65,-15,-38,68,2,-36,53,28,-23,28,33,-8,-7,7,-10,-24,-47,-32,-27,-69,-70,-18,-35,-111,10,17,-120,23,53,-84,18,53,-36,10,31,-2,0,13,12,-22,-2,-13,-27,-34,-79,-1,-44,-122,20,-14,-109,27,12,-70,29,19,-30,34,13,-7,42,3,-7,52,-5,-22,57,-9,-35,56,-10,-38,54,-9,-35
wishing2(10), 42,-9,-32,36,-6,-37,29,-4,-45,19,-5,-56,6,-17,-80,4,-17,-86,5,-5,-73,3,-2,-71,3,1,-67,2,3,-65
>