clapx2(17), -28,2,-58,-29,-7,-60,-29,-1,-68,-18,35,-55,-2,56,-19,3,58,-8,5,64,-16,19,53,16,26,37,10,22,36,-28,10,35,-24,11,40,-40,6,37,-66,-12,18,-73,-17,8,-71,-18,6,-65,-23,5,-63
clapx2(18), -26,-3,-61,-27,-10,-63,-23,7,-56,-8,47,-38,5,62,-13,9,56,12,6,46,-53,10,37,-91,24,30,-30,24,21,-24,11,18,-42,9,36,-47,11,45,-50,-1,33,-54,-13,23,-61,-17,17,-63,-21,14,-62,-22,12,-60
clapx2(18), -27,9,-58,-28,3,-62,-26,12,-63,-14,41,-43,0,57,-12,7,54,7,7,51,-7,12,46,-19,25,39,7,29,30,0,24,21,-26,14,25,-30,10,45,-45,5,47,-55,-9,28,-58,-18,18,-65,-22,14,-65,-24,12,-62
clapx2(19), -27,6,-59,-28,0,-62,-30,4,-70,-23,25,-68,-8,42,-49,5,44,-24,17,39,0,20,45,-12,21,53,-25,27,48,5,29,40,-6,26,35,-37,23,34,-30,17,30,-28,9,33,-52,-1,39,-73,-13,32,-68,-18,25,-64,-20,23,-64
clapx2(19), -26,11,-58,-26,7,-63,-29,13,-66,-20,38,-58,-4,56,-41,9,54,-24,18,43,-15,22,38,-12,23,49,-47,26,56,-60,4,31,-81,-9,16,-97,7,24,-60,12,27,-46,9,35,-39,1,49,-42,-8,55,-48,-15,51,-49,-19,45,-50
clapx2(14), -29,14,-60,-27,28,-57,-16,50,-49,-1,60,-40,11,56,-25,16,46,-11,22,40,27,32,42,44,37,41,27,32,39,1,22,38,-27,17,40,-26,11,47,-24,6,54,-33
clapx2(15), -29,25,-57,-22,41,-53,-12,55,-45,-1,58,-33,9,52,-16,16,45,-4,33,22,-53,44,13,-75,20,52,-77,3,69,-89,8,51,-57,8,43,-37,5,56,-34,-1,64,-41,-11,55,-43
clapx2(18), -30,25,-57,-25,39,-51,-13,52,-42,-1,56,-33,9,54,-22,14,50,-10,19,36,-59,24,29,-82,-10,32,-85,-30,37,-94,-9,40,-58,-3,38,-40,3,53,-36,2,62,-37,-10,49,-41,-17,41,-49,-20,37,-51,-23,34,-48
clapx2(16), -29,29,-59,-24,45,-55,-12,58,-43,1,59,-34,10,52,-24,15,44,-15,-19,56,-52,-34,60,-70,-20,48,-69,-17,42,-75,-2,37,-50,0,38,-35,-4,58,-31,-9,70,-35,-12,58,-36,-14,53,-40
clapx2(18), -27,32,-51,-27,38,-55,-21,52,-50,-10,59,-39,2,54,-28,11,45,-12,-16,44,-67,-28,47,-92,10,45,-24,25,42,-7,18,39,-21,10,39,-19,6,61,-22,2,70,-25,-7,56,-30,-14,52,-39,-18,49,-42,-22,46,-41
clapx2(18), -29,39,-51,-25,47,-48,-11,54,-36,1,57,-29,9,51,-22,15,46,-10,-5,33,-66,-15,35,-93,13,44,3,25,39,39,12,36,1,10,42,-16,9,48,-23,-7,43,-34,-19,43,-44,-23,45,-49,-24,44,-48,-26,41,-46
clapx2(16), -30,30,-55,-27,44,-51,-14,61,-40,0,63,-34,10,53,-27,17,48,-8,16,36,-40,18,31,-58,4,52,-78,-7,58,-96,6,49,-58,5,49,-40,-2,63,-40,-7,66,-43,-10,51,-42,-15,44,-45
clapx2(14), -31,35,-52,-27,46,-50,-14,57,-42,-1,59,-35,6,52,-27,13,47,-13,21,31,31,27,24,46,0,34,-17,-20,33,-48,-9,39,-36,-3,47,-31,-4,51,-33,-11,50,-39
clapx2(16), -28,32,-51,-26,45,-45,-14,61,-37,-2,65,-30,6,55,-22,14,46,-13,-36,50,-76,-59,52,-102,-7,36,-30,14,27,-11,13,31,-27,10,37,-28,3,54,-29,-3,64,-30,-8,59,-31,-15,54,-35
clapx2(16), -28,35,-51,-31,42,-53,-26,52,-43,-11,58,-31,3,58,-21,12,52,-8,11,49,-12,13,52,-21,20,47,3,20,45,-9,17,47,-38,9,42,-34,0,61,-30,-6,71,-29,-13,59,-32,-18,53,-37
clapx2(11), 9,55,-18,11,49,-3,14,52,-4,23,59,3,2,48,-40,-16,40,-77,-10,50,-49,-3,62,-34,0,60,-29,-10,53,-33,-17,50,-38
clapx2(10), 9,44,-26,13,35,-28,25,32,-54,26,30,-74,15,35,-48,3,49,-38,-5,66,-33,-8,59,-32,-12,47,-37,-16,44,-42
clapx2(16), -29,33,-51,-23,45,-44,-12,56,-32,-1,59,-18,3,54,-6,9,54,-12,20,55,1,13,57,-12,1,61,-38,-1,61,-29,-3,61,-22,-4,58,-23,-8,47,-37,-16,40,-49,-22,33,-51,-29,30,-52
clapx2(14), -29,17,-56,-45,24,-67,-67,39,-66,-53,52,-51,-13,55,-24,20,36,16,40,7,50,49,-4,62,58,-2,47,58,1,23,51,9,7,51,20,4,46,29,-3,39,31,-15
clapx2(22), 29,28,-26,14,19,-34,-1,3,-61,-9,4,-79,-11,19,-67,-12,24,-62,-5,34,-68,12,60,-68,24,79,-58,21,80,-44,9,70,-28,1,57,-9,-3,48,-21,-3,33,-48,-7,29,-106,-17,38,-128,-10,40,-83,9,42,-56,23,45,-43,31,44,-42,30,39,-47,25,30,-47
clapx2(23), 18,22,-39,13,-18,-29,8,-42,-35,-1,-15,-50,-4,5,-55,-7,14,-59,-21,14,-67,-28,33,-69,-10,58,-51,8,54,-18,21,33,11,29,13,24,50,-24,-1,74,-22,-15,69,9,-16,52,21,-31,40,32,-28,35,32,-25,31,35,-29,25,34,-44,19,27,-56,15,23,-59,12,20,-54
clapx2(21), 8,13,-43,0,-1,-64,-7,0,-77,-10,19,-61,-15,35,-59,-30,50,-56,-36,61,-41,-17,64,-32,10,54,-33,28,36,-29,37,16,-22,43,2,-18,49,0,-12,47,3,-20,41,15,-29,45,22,-16,48,22,-16,40,20,-33,37,15,-36,42,15,-31,46,13,-32
clapx2(10), 44,13,-37,35,15,-43,19,20,-50,2,22,-54,-18,29,-75,-26,32,-84,-23,20,-72,-20,13,-68,-17,15,-64,-16,17,-62
clapx2(17), -14,21,-66,-18,32,-69,-17,44,-67,-5,49,-58,7,42,-45,14,27,-37,20,19,-28,-13,21,-65,-21,25,-81,-38,40,-108,-58,39,-127,-15,21,-81,11,21,-57,26,23,-43,29,17,-45,25,14,-51,18,16,-55
clapx2(16), -1,33,-58,5,41,-57,18,51,-51,29,53,-40,35,45,-29,32,35,-16,6,38,-58,-2,35,-89,19,62,-119,21,76,-128,18,40,-86,22,27,-66,29,27,-51,32,28,-49,30,31,-50,27,32,-52
clapx2(13), 11,37,-53,19,46,-49,29,56,-41,36,57,-29,38,49,-17,32,40,-8,41,11,-13,58,-3,-17,38,18,-36,18,27,-54,20,26,-45,23,24,-37,24,28,-40
clapx2(10), 28,44,-28,30,34,-27,36,25,-14,12,19,-69,0,23,-109,32,33,-57,45,33,-28,40,26,-29,37,21,-28,36,24,-22
clapx2(19), 11,57,-37,15,63,-40,20,70,-37,24,68,-29,28,54,-19,33,37,-2,34,26,10,31,-3,-25,43,-11,-36,26,23,-77,-2,24,-119,8,13,-81,19,26,-53,27,34,-30,30,39,-25,26,50,-36,19,57,-42,12,60,-45,6,59,-45
clapx2(15), 31,49,-12,34,35,-9,34,26,-11,40,20,-22,50,17,-12,41,11,-27,26,5,-56,28,11,-48,32,20,-33,31,28,-25,25,38,-29,18,52,-35,12,61,-39,9,63,-40,7,60,-39
clapx2(14), 3,57,-39,7,66,-35,16,71,-24,24,66,-14,30,55,-7,34,41,0,31,33,-3,32,32,-15,47,31,-6,43,36,-21,26,36,-49,21,33,-45,25,35,-33,28,45,-21
clapx2(16), 0,61,-29,2,68,-27,12,75,-22,22,72,-13,26,61,-1,20,45,-5,17,30,-14,34,26,6,43,20,2,34,9,-26,26,17,-25,25,34,-16,25,54,-12,21,67,-8,14,69,-9,7,68,-11
> 