down(10), -10,8,-63,-21,11,-68,-41,17,-68,-42,15,-61,-15,5,-56,17,4,-55,32,11,-55,34,13,-54,28,14,-54,17,17,-56
down(14), -9,11,-62,-20,13,-66,-35,15,-68,-33,14,-66,-7,8,-58,25,4,-50,39,10,-50,38,16,-52,30,16,-54,15,20,-57,-3,20,-59,-16,11,-56,-18,5,-58,-13,5,-61
down(17), -11,16,-61,-28,22,-67,-45,22,-66,-37,20,-58,-2,12,-49,36,2,-43,48,10,-45,43,20,-50,31,23,-54,11,26,-54,-16,26,-54,-37,31,-65,-34,33,-72,-21,24,-66,-15,20,-63,-13,19,-62,-12,19,-61
down(15), -11,15,-59,-23,21,-65,-41,29,-68,-38,24,-61,-11,10,-52,24,2,-45,41,10,-46,42,15,-51,34,16,-55,22,20,-54,2,22,-51,-21,27,-51,-29,30,-55,-24,23,-60,-19,15,-63
down(14), -12,13,-61,-23,17,-68,-39,23,-70,-37,14,-61,-12,2,-55,22,5,-52,42,10,-51,42,14,-53,27,22,-53,5,22,-54,-15,14,-55,-21,12,-62,-17,16,-70,-14,17,-65
down(15), -14,15,-62,-21,18,-63,-30,23,-64,-30,21,-62,-16,14,-58,17,11,-54,42,13,-50,44,16,-48,31,18,-47,7,17,-49,-20,14,-48,-30,16,-61,-23,19,-73,-16,19,-68,-15,19,-63
down(17), -15,12,-60,-31,18,-65,-54,26,-69,-47,23,-62,-8,10,-50,29,-1,-43,43,5,-46,40,16,-52,31,24,-56,11,27,-56,-20,25,-56,-37,33,-66,-32,33,-74,-23,22,-66,-18,19,-62,-16,15,-63,-16,13,-62
down(14), -14,9,-61,-35,19,-72,-58,27,-67,-41,18,-51,-4,6,-49,23,5,-51,35,18,-54,43,23,-57,41,25,-56,13,33,-56,-22,33,-54,-36,31,-54,-32,26,-60,-22,19,-59
down(14), -15,13,-61,-23,17,-63,-41,24,-60,-49,17,-56,-19,6,-50,29,7,-43,50,11,-42,46,16,-47,29,24,-52,3,31,-55,-18,27,-53,-26,21,-55,-22,21,-61,-17,20,-61
down(13), -16,18,-61,-24,19,-63,-43,28,-62,-49,23,-56,-19,8,-56,26,5,-56,51,2,-50,44,8,-50,14,23,-56,-17,29,-61,-29,23,-61,-26,14,-58,-22,9,-54
down(14), -14,12,-62,-32,14,-67,-52,16,-68,-35,6,-59,15,1,-53,48,0,-49,47,-1,-46,31,8,-49,8,13,-51,-15,9,-52,-27,8,-65,-24,13,-77,-18,16,-69,-15,15,-63
down(14), -21,11,-65,-37,19,-68,-48,18,-61,-26,3,-50,15,-4,-51,37,3,-55,39,11,-55,32,15,-55,18,15,-52,-4,9,-48,-22,17,-61,-23,27,-71,-19,26,-67,-19,24,-66
down(14), -17,14,-60,-31,18,-65,-52,22,-65,-41,17,-55,7,4,-46,47,-1,-45,56,7,-48,43,19,-51,18,17,-50,-10,7,-46,-30,9,-52,-33,13,-60,-25,13,-59,-18,14,-57
down(14), -20,9,-62,-40,19,-63,-52,25,-61,-29,18,-57,18,12,-53,45,12,-51,46,14,-53,36,15,-54,15,17,-51,-9,14,-47,-28,20,-53,-31,22,-61,-24,18,-62,-21,18,-61
down(14), -21,13,-64,-36,18,-65,-51,26,-63,-40,21,-58,-3,7,-49,34,1,-45,49,7,-51,42,16,-57,29,21,-57,8,22,-54,-20,27,-53,-33,27,-57,-28,21,-60,-25,20,-61
down(14), -18,11,-61,-35,17,-67,-55,31,-66,-45,28,-58,-8,8,-51,28,-2,-48,44,3,-52,42,14,-55,31,19,-55,4,20,-57,-23,20,-54,-32,14,-57,-33,15,-67,-31,21,-66
down(15), -24,11,-63,-39,20,-62,-49,27,-57,-34,22,-53,3,13,-53,33,8,-52,39,13,-53,35,19,-55,25,22,-54,7,23,-52,-15,24,-47,-28,37,-55,-27,39,-66,-22,26,-62,-19,22,-59
down(15), -17,13,-59,-29,15,-61,-47,22,-63,-48,16,-58,-23,4,-50,16,3,-46,42,10,-49,44,16,-54,35,18,-54,17,19,-52,-10,17,-47,-33,26,-56,-37,30,-69,-30,23,-66,-24,19,-63
down(15), -22,12,-60,-35,16,-63,-49,21,-62,-45,15,-56,-19,9,-54,16,6,-51,38,9,-55,38,21,-61,27,23,-60,10,16,-56,-11,8,-51,-29,6,-48,-34,0,-51,-28,1,-55,-20,7,-55
down(16), -18,8,-59,-29,12,-60,-46,24,-66,-53,26,-63,-38,18,-53,-4,4,-45,29,-5,-43,44,5,-51,41,20,-57,27,26,-56,6,20,-52,-22,17,-50,-36,23,-63,-32,22,-74,-25,18,-66,-20,18,-60
down(15), -22,10,-62,-38,16,-64,-57,29,-61,-49,26,-55,-11,9,-50,27,1,-48,44,9,-53,43,16,-57,28,16,-57,-3,17,-52,-31,14,-44,-41,2,-50,-39,3,-63,-32,13,-65,-26,15,-61
down(16), -19,13,-59,-30,16,-60,-48,25,-61,-53,29,-55,-31,20,-47,9,6,-44,39,3,-47,44,13,-54,35,18,-57,24,15,-54,6,11,-48,-22,13,-44,-39,17,-57,-37,18,-69,-31,20,-64,-25,19,-59
down(14), -24,12,-61,-45,21,-66,-65,25,-61,-43,11,-50,8,0,-46,41,-2,-46,43,4,-49,27,10,-53,4,14,-59,-13,15,-58,-28,21,-56,-35,21,-59,-29,16,-60,-24,17,-61
down(18), -20,11,-61,-26,14,-59,-41,22,-64,-53,22,-62,-40,9,-49,6,-2,-48,41,-1,-55,44,6,-59,34,9,-60,19,13,-58,-3,18,-55,-21,20,-48,-22,35,-57,-17,39,-72,-19,24,-69,-21,21,-62,-21,19,-58,-21,16,-58
down(15), -22,13,-62,-34,16,-62,-55,28,-63,-56,25,-57,-23,5,-49,18,-5,-53,38,3,-60,33,19,-63,21,28,-62,5,31,-57,-13,26,-50,-24,31,-60,-24,33,-74,-22,25,-68,-21,22,-62
down(15), -20,14,-59,-29,16,-59,-43,26,-62,-55,33,-63,-32,19,-51,18,1,-45,42,6,-50,41,18,-56,34,21,-55,19,19,-52,-11,18,-48,-38,27,-49,-44,31,-56,-36,21,-59,-29,16,-57
down(15), -25,11,-61,-39,17,-63,-55,24,-58,-48,20,-52,-11,11,-51,29,8,-51,44,6,-52,39,16,-54,22,25,-53,-4,22,-48,-29,19,-44,-45,17,-53,-47,15,-65,-35,18,-62,-26,19,-58
down(17), -24,17,-61,-42,22,-61,-60,27,-55,-47,19,-48,-10,7,-50,22,8,-58,34,18,-61,33,27,-60,24,24,-54,-1,18,-47,-32,17,-39,-41,27,-57,-34,28,-74,-31,13,-67,-29,10,-63,-28,10,-60,-29,9,-59