left(14), -19,9,-64,-28,-10,-75,-40,-13,-70,-40,13,-31,-32,15,19,-8,13,56,11,31,67,6,41,47,-6,36,17,-13,9,-18,-16,-13,-48,-17,-13,-59,-18,-8,-64,-18,-4,-63
left(14), -18,-1,-62,-19,-13,-65,-27,-21,-67,-31,1,-52,-30,25,-9,-23,22,41,-3,23,67,7,41,54,-9,41,23,-21,13,-14,-20,-13,-46,-19,-15,-56,-15,-11,-59,-14,-6,-61
left(14), -17,-3,-62,-21,-13,-67,-30,-16,-70,-32,8,-47,-27,24,0,-14,23,52,5,33,71,6,47,45,-9,35,11,-23,2,-27,-26,-16,-55,-26,-19,-62,-24,-15,-62,-21,-11,-63
left(13), -23,-6,-67,-30,-5,-71,-25,23,-41,-19,35,-9,-14,15,33,3,21,66,7,43,50,-4,41,28,-15,13,-10,-18,-15,-42,-20,-22,-52,-20,-19,-57,-19,-11,-60
left(14), -20,-4,-62,-22,-14,-64,-34,-21,-71,-34,9,-53,-25,22,-9,-11,18,38,8,38,58,4,49,38,-9,21,0,-19,-14,-39,-25,-15,-56,-25,-12,-59,-23,-8,-60,-22,-5,-60
left(13), -21,-4,-62,-28,-20,-67,-36,-8,-63,-37,26,-31,-26,18,21,-3,15,57,9,39,55,-3,45,32,-17,15,-10,-21,-15,-46,-23,-19,-57,-23,-12,-60,-21,-6,-61
left(14), -22,-7,-62,-27,-21,-66,-32,-9,-58,-33,27,-32,-25,21,15,-6,12,54,8,32,54,1,50,31,-11,20,-5,-20,-18,-38,-25,-20,-54,-24,-17,-60,-20,-10,-60,-18,-4,-60
left(14), -19,-2,-61,-22,-11,-65,-31,-19,-68,-30,12,-45,-28,33,-4,-21,19,44,1,27,65,6,49,47,-11,34,19,-25,2,-21,-27,-11,-51,-26,-12,-59,-23,-9,-58,-21,-5,-59
left(14), -20,-5,-62,-24,-20,-64,-32,-19,-62,-27,21,-42,-23,24,-5,-14,1,44,3,17,64,1,45,39,-7,22,4,-16,-17,-32,-23,-19,-55,-25,-13,-61,-22,-6,-61,-19,-1,-60
left(13), -21,-5,-63,-28,-27,-65,-29,-9,-49,-32,25,-16,-24,5,32,0,9,63,6,47,46,-4,28,11,-18,-6,-27,-24,-10,-52,-24,-9,-59,-22,-2,-60,-20,2,-61
left(13), -20,-3,-63,-25,-16,-66,-29,-11,-55,-31,22,-34,-25,17,4,-5,11,45,7,40,48,2,54,28,-10,25,-6,-19,-4,-40,-24,-6,-54,-24,-6,-59,-22,-3,-61
left(15), -21,0,-61,-22,-9,-63,-29,-19,-68,-31,1,-62,-28,23,-31,-21,10,21,-2,7,63,10,28,64,6,43,39,-3,40,4,-12,15,-29,-19,-6,-51,-21,-8,-60,-18,-6,-60,-16,-2,-61
left(14), -18,-1,-62,-21,-13,-66,-31,-20,-71,-30,13,-47,-21,33,-7,-6,18,38,11,24,65,9,46,42,-3,41,14,-14,12,-15,-20,-6,-46,-22,-11,-56,-20,-9,-59,-18,-5,-61
left(14), -19,-3,-62,-24,-19,-67,-35,-25,-69,-31,5,-40,-21,9,1,-9,-2,43,9,18,66,10,39,45,-2,43,8,-15,15,-31,-19,-10,-52,-20,-6,-58,-21,-3,-61,-20,0,-63
left(14), -19,0,-62,-23,-13,-66,-32,-29,-69,-32,-2,-47,-30,22,-11,-17,7,37,7,16,64,11,43,47,-5,40,21,-22,13,-18,-27,-9,-50,-26,-14,-57,-23,-8,-58,-21,-2,-60
left(14), -20,2,-61,-23,-8,-66,-32,-24,-67,-31,-7,-51,-25,14,-19,-14,11,34,2,23,66,7,42,45,-2,41,18,-13,15,-14,-21,-8,-47,-24,-10,-58,-23,-6,-58,-21,-2,-60
left(14), -20,1,-61,-24,-14,-66,-31,-18,-68,-27,14,-49,-18,27,-12,-7,9,38,8,9,68,9,31,54,-2,37,31,-16,9,-5,-23,-14,-44,-25,-13,-57,-23,-8,-58,-20,-3,-59
left(14), -20,-4,-61,-27,-21,-67,-35,-19,-66,-28,22,-40,-18,24,0,-4,2,44,11,18,62,11,42,41,-5,42,12,-19,16,-24,-26,-7,-53,-28,-11,-60,-27,-6,-60,-24,-1,-60
left(14), -21,2,-62,-24,-10,-66,-32,-16,-69,-29,9,-52,-20,22,-14,-8,19,32,8,39,49,7,57,26,-9,43,-8,-21,11,-39,-24,-8,-57,-23,-10,-59,-20,-5,-60,-18,-1,-61
left(14), -19,-2,-62,-26,-22,-67,-37,-28,-67,-33,9,-32,-20,14,14,-3,11,45,12,33,56,5,45,37,-14,26,3,-27,-3,-37,-27,-9,-56,-22,-6,-57,-17,0,-58,-16,4,-60
left(13), -19,0,-62,-21,-7,-64,-27,-22,-66,-25,2,-52,-21,25,-19,-14,13,33,4,32,55,2,56,31,-8,28,-3,-14,-8,-35,-17,-7,-50,-20,-2,-56,-19,2,-60
left(14), -18,1,-61,-20,-7,-64,-28,-20,-69,-30,4,-61,-28,24,-25,-18,17,36,4,35,57,5,59,36,-10,36,8,-22,-2,-31,-25,-9,-54,-23,-6,-58,-20,0,-59,-18,3,-60
left(13), -19,-4,-64,-25,-19,-68,-33,-10,-63,-28,26,-31,-13,17,18,3,13,51,12,45,45,2,52,20,-15,25,-13,-25,-3,-45,-27,-7,-58,-24,-5,-59,-21,-1,-61
left(15), -21,-1,-63,-25,-12,-66,-32,-13,-65,-29,16,-46,-21,31,-9,-8,19,46,11,26,71,14,44,50,0,44,21,-19,23,-12,-29,0,-44,-28,-6,-58,-23,-2,-58,-21,3,-60,-20,5,-62
left(14), -21,3,-62,-25,-9,-67,-36,-21,-70,-36,-1,-47,-31,22,-7,-18,15,47,3,19,72,5,44,45,-14,37,12,-30,8,-29,-31,-6,-57,-28,-6,-60,-26,-1,-59,-24,2,-60
left(14), -23,5,-62,-32,0,-68,-35,19,-42,-50,43,-12,-53,25,25,-12,37,54,8,61,40,-4,60,17,-14,53,-19,-19,32,-41,-23,16,-52,-23,7,-59,-22,4,-60,-20,5,-60
left(13), -21,2,-62,-23,-8,-64,-32,-16,-63,-24,11,-34,-11,10,10,-12,8,40,5,34,49,7,36,25,-12,16,-15,-21,0,-46,-25,4,-57,-23,6,-58,-21,9,-59
left(13), -22,9,-61,-34,3,-71,-47,3,-59,-29,33,-11,-3,28,43,8,20,66,11,44,49,-4,40,20,-18,9,-15,-23,-12,-43,-24,-9,-55,-21,-4,-58,-17,2,-59
left(13), -19,4,-61,-26,-14,-67,-34,-5,-66,-33,25,-32,-20,20,32,2,31,49,5,54,32,-13,28,4,-23,8,-37,-22,13,-53,-19,13,-56,-17,14,-58,-17,13,-60