up(13), -19,6,-63,-30,9,-78,-42,22,-84,-33,28,-58,-1,12,-14,30,0,8,36,2,-10,26,11,-28,7,13,-43,-13,4,-66,-19,-4,-77,-17,-5,-72,-17,-4,-66
up(16), -17,-2,-60,-18,4,-61,-17,6,-58,-16,6,-70,-28,12,-98,-37,14,-97,-31,9,-67,-26,6,-40,-14,2,-27,4,-3,-27,9,-4,-35,9,-2,-47,9,1,-63,6,3,-73,-1,2,-75,-9,2,-75
up(13), -16,7,-62,-13,3,-75,-26,1,-94,-44,7,-94,-36,10,-60,-16,9,-20,2,6,-10,13,7,-24,15,9,-43,9,8,-59,0,7,-69,-7,7,-72,-14,8,-72
up(13), -20,9,-60,-16,8,-65,-17,1,-80,-28,-11,-93,-38,-8,-88,-36,6,-53,-19,12,-14,8,8,-6,21,8,-25,12,12,-48,7,11,-61,1,11,-67,-8,10,-70
up(13), -19,5,-64,-20,1,-74,-32,-3,-86,-33,4,-78,-18,13,-42,0,9,-11,14,6,-19,17,7,-39,8,14,-52,-3,15,-64,-9,9,-66,-14,8,-65,-17,9,-65
up(14), -19,5,-62,-21,6,-70,-27,6,-82,-35,9,-85,-33,11,-59,-13,3,-19,12,-1,-8,27,3,-23,25,11,-39,11,21,-51,-4,25,-64,-14,19,-70,-19,16,-70,-21,14,-67
up(14), -18,10,-60,-19,9,-69,-33,4,-85,-38,2,-84,-17,6,-47,8,1,-8,20,4,-15,24,14,-35,20,17,-44,7,13,-59,-6,11,-69,-13,13,-70,-17,14,-68,-19,11,-65
up(12), -17,8,-63,-26,10,-78,-37,16,-91,-26,14,-69,0,14,-28,21,10,-5,26,7,-21,8,20,-48,-11,27,-63,-16,16,-70,-19,12,-69,-19,12,-65
up(10), -16,8,-63,-11,12,-72,-11,8,-84,-22,8,-86,-32,12,-67,-25,6,-43,-12,0,-32,-6,0,-36,-4,5,-46,1,11,-57
up(10), -16,8,-65,-12,6,-75,-13,12,-86,-17,17,-85,-18,13,-67,-13,7,-46,-3,2,-34,1,1,-36,-2,2,-43,-6,3,-54
up(10), -12,12,-63,-7,12,-71,-3,12,-83,-14,16,-89,-26,17,-78,-22,11,-55,-10,4,-39,-2,1,-36,0,1,-40,-1,2,-49
up(12), -11,10,-63,-7,8,-72,-6,7,-84,-11,9,-88,-17,9,-74,-14,7,-44,-4,7,-24,-2,9,-28,-4,11,-45,0,12,-58,8,13,-66,8,16,-73
up(10), -14,11,-62,-9,9,-69,-7,12,-80,-15,18,-87,-19,17,-76,-10,12,-52,1,6,-37,8,2,-34,10,-1,-36,7,1,-43
up(15), -14,9,-64,-13,10,-76,-19,14,-90,-26,14,-86,-21,10,-63,-8,6,-39,6,4,-26,17,1,-25,20,2,-33,16,7,-46,9,11,-59,2,16,-74,-8,10,-80,-17,5,-73,-19,12,-67
up(10), -15,11,-61,-14,11,-68,-16,14,-78,-18,16,-83,-16,11,-78,-12,7,-62,-4,6,-45,3,4,-36,6,1,-36,9,1,-42
up(10), -20,7,-62,-21,6,-70,-25,11,-74,-23,11,-70,-15,5,-60,0,1,-44,17,-3,-33,23,-3,-38,21,1,-43,15,6,-47
up(15), -19,8,-64,-24,14,-76,-28,22,-88,-18,19,-80,-3,8,-53,11,-1,-27,22,-4,-18,27,-1,-25,26,6,-33,14,15,-46,-3,23,-67,-15,18,-77,-19,11,-73,-18,13,-66,-16,11,-61
up(13), -19,10,-68,-29,16,-83,-30,14,-77,-14,3,-48,15,-8,-21,38,-9,-12,36,1,-22,23,10,-32,3,22,-48,-18,26,-69,-25,18,-78,-23,12,-72,-20,10,-65
up(13), -17,9,-63,-18,19,-74,-20,30,-88,-18,26,-83,-16,19,-62,-11,9,-38,-3,3,-24,3,1,-25,7,5,-34,7,15,-50,3,20,-64,-8,20,-71,-18,21,-74
up(14), -14,11,-63,-15,18,-76,-21,29,-88,-23,27,-83,-17,17,-61,-7,6,-38,3,4,-25,8,3,-24,6,4,-30,2,10,-43,-1,20,-69,-6,12,-78,-17,7,-69,-21,17,-65
up(16), -17,15,-58,-12,10,-61,-14,21,-78,-25,34,-96,-28,26,-84,-20,15,-54,-5,3,-30,8,0,-21,18,3,-25,22,9,-34,18,15,-48,8,15,-61,-9,11,-73,-20,11,-72,-19,16,-63,-19,18,-60
up(12), -19,14,-61,-30,22,-77,-35,27,-89,-17,14,-63,5,2,-27,20,2,-21,18,9,-33,-1,18,-55,-17,18,-72,-20,11,-72,-20,10,-66,-20,10,-61
up(14), -23,12,-60,-26,10,-71,-40,15,-85,-36,16,-66,-3,3,-27,28,-6,-8,42,-4,-12,37,7,-24,24,15,-38,12,19,-49,0,20,-60,-11,16,-66,-18,14,-66,-21,13,-64
up(14), -26,12,-66,-31,14,-76,-36,21,-85,-25,20,-61,7,7,-23,40,-4,-4,53,-7,1,45,0,-12,28,9,-31,7,18,-50,-8,16,-64,-19,14,-72,-27,15,-73,-27,12,-67
up(15), -21,11,-62,-28,13,-72,-40,19,-86,-34,16,-71,-3,6,-37,31,-3,-13,50,-9,-3,49,-9,-7,35,0,-18,14,10,-35,-12,25,-62,-29,27,-77,-30,18,-73,-27,13,-66,-23,11,-60
up(14), -22,11,-60,-27,12,-67,-41,16,-82,-48,26,-83,-28,20,-52,13,-8,-11,43,-23,3,47,-17,-4,35,-7,-20,14,6,-40,-7,17,-62,-16,19,-73,-17,15,-71,-18,11,-69
up(15), -20,11,-63,-27,12,-71,-34,18,-82,-33,22,-78,-12,14,-50,23,-2,-16,44,-12,-2,44,-9,-8,29,3,-22,11,16,-39,-10,26,-61,-24,26,-73,-23,18,-68,-20,13,-62,-19,13,-61
